# Selection       : patch(inlet)
# Faces           : 1224
# Area            : 4.8296495247e-02
# Time            	sum(phi)
0                 	0.0000000000e+00
1                 	-1.7150315574e-01
2                 	-1.5316207065e-01
3                 	-1.5650740802e-01
4                 	-1.6038115765e-01
5                 	-1.6504658900e-01
6                 	-1.6859545685e-01
7                 	-1.7278139586e-01
8                 	-1.7714900274e-01
9                 	-1.8100324900e-01
10                	-1.8473925858e-01
11                	-1.8894332478e-01
12                	-1.9363648427e-01
13                	-1.9856754614e-01
14                	-2.0348236532e-01
15                	-2.0811463721e-01
16                	-2.1232508036e-01
17                	-2.1615140161e-01
18                	-2.1962182648e-01
19                	-2.2291332119e-01
20                	-2.2604420736e-01
21                	-2.2897524623e-01
22                	-2.3168812523e-01
23                	-2.3414095607e-01
24                	-2.3631620938e-01
25                	-2.3823718371e-01
26                	-2.3996891633e-01
27                	-2.4157067514e-01
28                	-2.4305733232e-01
29                	-2.4444503457e-01
30                	-2.4573106811e-01
31                	-2.4690391078e-01
32                	-2.4794770973e-01
33                	-2.4887563678e-01
34                	-2.4970204145e-01
35                	-2.5044085997e-01
36                	-2.5109707014e-01
37                	-2.5167606485e-01
38                	-2.5217146222e-01
39                	-2.5257928884e-01
40                	-2.5289441420e-01
41                	-2.5311524576e-01
42                	-2.5324550062e-01
43                	-2.5329347893e-01
44                	-2.5326874375e-01
45                	-2.5318249522e-01
46                	-2.5303897061e-01
47                	-2.5284196926e-01
48                	-2.5259402216e-01
49                	-2.5229743804e-01
50                	-2.5195188400e-01
51                	-2.5156106124e-01
52                	-2.5113060979e-01
53                	-2.5066679838e-01
54                	-2.5017596385e-01
55                	-2.4966255131e-01
56                	-2.4912679776e-01
57                	-2.4857004821e-01
58                	-2.4799125622e-01
59                	-2.4738979313e-01
60                	-2.4676678092e-01
61                	-2.4612167841e-01
62                	-2.4545586480e-01
63                	-2.4476640948e-01
64                	-2.4405069011e-01
65                	-2.4330340633e-01
66                	-2.4253630360e-01
67                	-2.4175073524e-01
68                	-2.4095182111e-01
69                	-2.4014438554e-01
70                	-2.3932898045e-01
71                	-2.3850942530e-01
72                	-2.3769091063e-01
73                	-2.3687705435e-01
74                	-2.3606684564e-01
75                	-2.3526014868e-01
76                	-2.3445799820e-01
77                	-2.3365912025e-01
78                	-2.3286590914e-01
79                	-2.3207401454e-01
80                	-2.3128569915e-01
81                	-2.3050035413e-01
82                	-2.2971839568e-01
83                	-2.2894136059e-01
84                	-2.2816825295e-01
85                	-2.2740100861e-01
86                	-2.2663932697e-01
87                	-2.2588348422e-01
88                	-2.2513411483e-01
89                	-2.2439247766e-01
90                	-2.2366015679e-01
91                	-2.2293787478e-01
92                	-2.2222602829e-01
93                	-2.2152683025e-01
94                	-2.2084070765e-01
95                	-2.2016994615e-01
96                	-2.1951558335e-01
97                	-2.1887874223e-01
98                	-2.1826173768e-01
99                	-2.1766472370e-01
100               	-2.1708904109e-01
101               	-2.1653543973e-01
102               	-2.1600647200e-01
103               	-2.1550046556e-01
104               	-2.1501779707e-01
105               	-2.1455677877e-01
106               	-2.1411891399e-01
107               	-2.1370191997e-01
108               	-2.1330533690e-01
109               	-2.1292613622e-01
110               	-2.1256476644e-01
111               	-2.1221865158e-01
112               	-2.1188698565e-01
113               	-2.1156747632e-01
114               	-2.1126015174e-01
115               	-2.1096226356e-01
116               	-2.1067320486e-01
117               	-2.1039132273e-01
118               	-2.1011770386e-01
119               	-2.0985025205e-01
120               	-2.0960095806e-01
121               	-2.0936728281e-01
122               	-2.0914974075e-01
123               	-2.0894550257e-01
124               	-2.0875533895e-01
125               	-2.0857594912e-01
126               	-2.0840758395e-01
127               	-2.0824534663e-01
128               	-2.0808789199e-01
129               	-2.0793046777e-01
130               	-2.0777264461e-01
131               	-2.0760986047e-01
132               	-2.0744253380e-01
133               	-2.0726807542e-01
134               	-2.0708735941e-01
135               	-2.0689887377e-01
136               	-2.0670428738e-01
137               	-2.0650311561e-01
138               	-2.0629766066e-01
139               	-2.0608755366e-01
140               	-2.0587459996e-01
141               	-2.0565942284e-01
142               	-2.0544431315e-01
143               	-2.0522939098e-01
144               	-2.0501648039e-01
145               	-2.0480576165e-01
146               	-2.0459924364e-01
147               	-2.0439662311e-01
148               	-2.0419918055e-01
149               	-2.0400657506e-01
150               	-2.0382069893e-01
151               	-2.0364129845e-01
152               	-2.0346930539e-01
153               	-2.0330390038e-01
154               	-2.0314624132e-01
155               	-2.0299566803e-01
156               	-2.0285275636e-01
157               	-2.0271649268e-01
158               	-2.0258756342e-01
159               	-2.0246535269e-01
160               	-2.0235028845e-01
161               	-2.0224108610e-01
162               	-2.0213797806e-01
163               	-2.0203984407e-01
164               	-2.0194711307e-01
165               	-2.0185821767e-01
166               	-2.0177317834e-01
167               	-2.0169077014e-01
168               	-2.0161187346e-01
169               	-2.0153481694e-01
170               	-2.0145943744e-01
171               	-2.0138406474e-01
172               	-2.0130940706e-01
173               	-2.0123402121e-01
174               	-2.0115827095e-01
175               	-2.0108016834e-01
176               	-2.0100091220e-01
177               	-2.0091932255e-01
178               	-2.0083578274e-01
179               	-2.0074880088e-01
180               	-2.0065923071e-01
181               	-2.0056604035e-01
182               	-2.0047006374e-01
183               	-2.0036996758e-01
184               	-2.0026653714e-01
185               	-2.0015925511e-01
186               	-2.0004942945e-01
187               	-1.9993576238e-01
188               	-1.9981916285e-01
189               	-1.9969844653e-01
190               	-1.9957541399e-01
191               	-1.9944898108e-01
192               	-1.9932046065e-01
193               	-1.9918870187e-01
194               	-1.9905524349e-01
195               	-1.9891897324e-01
196               	-1.9878139482e-01
197               	-1.9864098187e-01
198               	-1.9849950995e-01
199               	-1.9835606064e-01
200               	-1.9821186679e-01
201               	-1.9806588904e-01
202               	-1.9791932932e-01
203               	-1.9777156816e-01
204               	-1.9762370365e-01
205               	-1.9747452717e-01
206               	-1.9732470219e-01
207               	-1.9717361278e-01
208               	-1.9702244302e-01
209               	-1.9687027177e-01
210               	-1.9671775296e-01
211               	-1.9656361563e-01
212               	-1.9640924864e-01
213               	-1.9625353821e-01
214               	-1.9609742869e-01
215               	-1.9593940988e-01
216               	-1.9578079936e-01
217               	-1.9562068422e-01
218               	-1.9545978058e-01
219               	-1.9529669953e-01
220               	-1.9513269652e-01
221               	-1.9496688208e-01
222               	-1.9479995970e-01
223               	-1.9463064447e-01
224               	-1.9445985819e-01
225               	-1.9428693688e-01
226               	-1.9411324144e-01
227               	-1.9393723159e-01
228               	-1.9375978859e-01
229               	-1.9358004007e-01
230               	-1.9339946597e-01
231               	-1.9321690581e-01
232               	-1.9303330579e-01
233               	-1.9284756771e-01
234               	-1.9266108657e-01
235               	-1.9247295921e-01
236               	-1.9228393967e-01
237               	-1.9209320359e-01
238               	-1.9190174990e-01
239               	-1.9170950814e-01
240               	-1.9151643044e-01
241               	-1.9132262356e-01
242               	-1.9112816375e-01
243               	-1.9093327200e-01
244               	-1.9073861918e-01
245               	-1.9054357868e-01
246               	-1.9034793659e-01
247               	-1.9015227885e-01
248               	-1.8995674752e-01
249               	-1.8976172127e-01
250               	-1.8956640351e-01
251               	-1.8937133843e-01
252               	-1.8917682736e-01
253               	-1.8898282818e-01
254               	-1.8878942738e-01
255               	-1.8859643532e-01
256               	-1.8840413549e-01
257               	-1.8821299236e-01
258               	-1.8802258114e-01
259               	-1.8783299662e-01
260               	-1.8764410716e-01
261               	-1.8745639472e-01
262               	-1.8726979683e-01
263               	-1.8708375178e-01
264               	-1.8689849367e-01
265               	-1.8671423887e-01
266               	-1.8653124431e-01
267               	-1.8634882409e-01
268               	-1.8616730728e-01
269               	-1.8598726175e-01
270               	-1.8580796097e-01
271               	-1.8562978556e-01
272               	-1.8545236595e-01
273               	-1.8527611883e-01
274               	-1.8510102596e-01
275               	-1.8492663931e-01
276               	-1.8475367245e-01
277               	-1.8458113427e-01
278               	-1.8440975896e-01
279               	-1.8423945217e-01
280               	-1.8407030867e-01
281               	-1.8390177722e-01
282               	-1.8373462076e-01
283               	-1.8356816717e-01
284               	-1.8340349492e-01
285               	-1.8323909648e-01
286               	-1.8307610160e-01
287               	-1.8291391401e-01
288               	-1.8275346924e-01
289               	-1.8259335378e-01
290               	-1.8243494676e-01
291               	-1.8227735243e-01
292               	-1.8212140476e-01
293               	-1.8196589492e-01
294               	-1.8181218648e-01
295               	-1.8165887330e-01
296               	-1.8150757431e-01
297               	-1.8135701826e-01
298               	-1.8120820709e-01
299               	-1.8105982386e-01
300               	-1.8091353889e-01
301               	-1.8076790055e-01
302               	-1.8062373242e-01
303               	-1.8048034797e-01
304               	-1.8033886576e-01
305               	-1.8019804016e-01
306               	-1.8005892642e-01
307               	-1.7992044970e-01
308               	-1.7978354128e-01
309               	-1.7964761637e-01
310               	-1.7951347953e-01
311               	-1.7937948421e-01
312               	-1.7924743317e-01
313               	-1.7911593385e-01
314               	-1.7898636560e-01
315               	-1.7885692766e-01
316               	-1.7872944377e-01
317               	-1.7860239724e-01
318               	-1.7847749889e-01
319               	-1.7835265327e-01
320               	-1.7822945241e-01
321               	-1.7810667384e-01
322               	-1.7798576482e-01
323               	-1.7786492737e-01
324               	-1.7774594325e-01
325               	-1.7762703089e-01
326               	-1.7750980240e-01
327               	-1.7739268783e-01
328               	-1.7727726337e-01
329               	-1.7716204924e-01
330               	-1.7704868766e-01
331               	-1.7693527381e-01
332               	-1.7682344528e-01
333               	-1.7671148903e-01
334               	-1.7660147950e-01
335               	-1.7649133793e-01
336               	-1.7638297347e-01
337               	-1.7627430782e-01
338               	-1.7616724183e-01
339               	-1.7606066577e-01
340               	-1.7595590662e-01
341               	-1.7585057972e-01
342               	-1.7574707902e-01
343               	-1.7564311150e-01
344               	-1.7554090624e-01
345               	-1.7543867214e-01
346               	-1.7533816677e-01
