# Selection       : patch(outlet)
# Faces           : 1218
# Area            : 4.8296495247e-02
# Time            	sum(phi)
0                 	0.0000000000e+00
1                 	1.7218141974e-01
2                 	1.5404019692e-01
3                 	1.5761173067e-01
4                 	1.6151167756e-01
5                 	1.6618168248e-01
6                 	1.6981428783e-01
7                 	1.7409533138e-01
8                 	1.7843373830e-01
9                 	1.8228834142e-01
10                	1.8602046487e-01
11                	1.9017012384e-01
12                	1.9482020111e-01
13                	1.9973375748e-01
14                	2.0463668534e-01
15                	2.0931523405e-01
16                	2.1353580565e-01
17                	2.1737141114e-01
18                	2.2085542562e-01
19                	2.2413844989e-01
20                	2.2724816131e-01
21                	2.3017259083e-01
22                	2.3288462610e-01
23                	2.3534462930e-01
24                	2.3752643288e-01
25                	2.3944561932e-01
26                	2.4117982470e-01
27                	2.4277897372e-01
28                	2.4426615272e-01
29                	2.4564948110e-01
30                	2.4693474241e-01
31                	2.4810938347e-01
32                	2.4915513155e-01
33                	2.5008092425e-01
34                	2.5090626579e-01
35                	2.5164460505e-01
36                	2.5230145091e-01
37                	2.5287516931e-01
38                	2.5336818714e-01
39                	2.5377433406e-01
40                	2.5408714680e-01
41                	2.5430935221e-01
42                	2.5443933292e-01
43                	2.5448702038e-01
44                	2.5446182579e-01
45                	2.5437548887e-01
46                	2.5423200775e-01
47                	2.5403862758e-01
48                	2.5379073424e-01
49                	2.5349232539e-01
50                	2.5314668573e-01
51                	2.5275576046e-01
52                	2.5232530786e-01
53                	2.5186159668e-01
54                	2.5137110971e-01
55                	2.5085792348e-01
56                	2.5032423388e-01
57                	2.4976768396e-01
58                	2.4918897777e-01
59                	2.4858486686e-01
60                	2.4796174382e-01
61                	2.4731724236e-01
62                	2.4665157448e-01
63                	2.4596247957e-01
64                	2.4524694431e-01
65                	2.4450217971e-01
66                	2.4373173124e-01
67                	2.4294625706e-01
68                	2.4214781721e-01
69                	2.4134077825e-01
70                	2.4052591371e-01
71                	2.3970689585e-01
72                	2.3888922267e-01
73                	2.3807620536e-01
74                	2.3726692046e-01
75                	2.3646117701e-01
76                	2.3565988882e-01
77                	2.3486169553e-01
78                	2.3406880802e-01
79                	2.3327742612e-01
80                	2.3248901408e-01
81                	2.3170392509e-01
82                	2.3092188324e-01
83                	2.3014462186e-01
84                	2.2937123920e-01
85                	2.2860412551e-01
86                	2.2784233826e-01
87                	2.2708627269e-01
88                	2.2633656639e-01
89                	2.2559474153e-01
90                	2.2486213095e-01
91                	2.2413971187e-01
92                	2.2342758743e-01
93                	2.2272815900e-01
94                	2.2204187288e-01
95                	2.2137089726e-01
96                	2.2071626787e-01
97                	2.2007919671e-01
98                	2.1946197729e-01
99                	2.1886477286e-01
100               	2.1828897672e-01
101               	2.1773528991e-01
102               	2.1720616827e-01
103               	2.1670016079e-01
104               	2.1621752599e-01
105               	2.1575664547e-01
106               	2.1531881214e-01
107               	2.1490186830e-01
108               	2.1450530073e-01
109               	2.1412608153e-01
110               	2.1376472824e-01
111               	2.1341862275e-01
112               	2.1308701135e-01
113               	2.1276747749e-01
114               	2.1245993314e-01
115               	2.1216196690e-01
116               	2.1187272901e-01
117               	2.1159061981e-01
118               	2.1131657850e-01
119               	2.1104880463e-01
120               	2.1079995182e-01
121               	2.1056620439e-01
122               	2.1034865961e-01
123               	2.1014454176e-01
124               	2.0995458321e-01
125               	2.0977564263e-01
126               	2.0960768173e-01
127               	2.0944552462e-01
128               	2.0928830465e-01
129               	2.0913119556e-01
130               	2.0897361012e-01
131               	2.0881101837e-01
132               	2.0864380516e-01
133               	2.0846937605e-01
134               	2.0828865582e-01
135               	2.0810014753e-01
136               	2.0790548297e-01
137               	2.0770424763e-01
138               	2.0749866002e-01
139               	2.0728844029e-01
140               	2.0707542932e-01
141               	2.0686019455e-01
142               	2.0664495104e-01
143               	2.0642989770e-01
144               	2.0621673920e-01
145               	2.0600575487e-01
146               	2.0579904543e-01
147               	2.0559650930e-01
148               	2.0539900531e-01
149               	2.0520632618e-01
150               	2.0502040146e-01
151               	2.0484094552e-01
152               	2.0466893447e-01
153               	2.0450349248e-01
154               	2.0434582632e-01
155               	2.0419523193e-01
156               	2.0405231547e-01
157               	2.0391606086e-01
158               	2.0378715978e-01
159               	2.0366497785e-01
160               	2.0354992193e-01
161               	2.0344073898e-01
162               	2.0333763508e-01
163               	2.0323955111e-01
164               	2.0314682625e-01
165               	2.0305794270e-01
166               	2.0297288601e-01
167               	2.0289051773e-01
168               	2.0281166304e-01
169               	2.0273458812e-01
170               	2.0265923704e-01
171               	2.0258390439e-01
172               	2.0250928592e-01
173               	2.0243390199e-01
174               	2.0235818151e-01
175               	2.0228007277e-01
176               	2.0220089199e-01
177               	2.0211930308e-01
178               	2.0203576448e-01
179               	2.0194879663e-01
180               	2.0185925110e-01
181               	2.0176608095e-01
182               	2.0167009907e-01
183               	2.0157002050e-01
184               	2.0146657066e-01
185               	2.0135931689e-01
186               	2.0124945565e-01
187               	2.0113577987e-01
188               	2.0101915972e-01
189               	2.0089846447e-01
190               	2.0077542140e-01
191               	2.0064895940e-01
192               	2.0052044489e-01
193               	2.0038869054e-01
194               	2.0025521949e-01
195               	2.0011890395e-01
196               	1.9998134988e-01
197               	1.9984090355e-01
198               	1.9969946297e-01
199               	1.9955597141e-01
200               	1.9941176031e-01
201               	1.9926578862e-01
202               	1.9911922546e-01
203               	1.9897146103e-01
204               	1.9882356362e-01
205               	1.9867443964e-01
206               	1.9852457977e-01
207               	1.9837351081e-01
208               	1.9822229748e-01
209               	1.9807014802e-01
210               	1.9791758912e-01
211               	1.9776347610e-01
212               	1.9760912194e-01
213               	1.9745337887e-01
214               	1.9729732171e-01
215               	1.9713927084e-01
216               	1.9698068173e-01
217               	1.9682052705e-01
218               	1.9665963554e-01
219               	1.9649650014e-01
220               	1.9633253423e-01
221               	1.9616676796e-01
222               	1.9599981209e-01
223               	1.9583052095e-01
224               	1.9565973236e-01
225               	1.9548684326e-01
226               	1.9531307883e-01
227               	1.9513709695e-01
228               	1.9495960356e-01
229               	1.9477991425e-01
230               	1.9459936384e-01
231               	1.9441675162e-01
232               	1.9423316173e-01
233               	1.9404741056e-01
234               	1.9386095707e-01
235               	1.9367277849e-01
236               	1.9348380403e-01
237               	1.9329302473e-01
238               	1.9310165175e-01
239               	1.9290930603e-01
240               	1.9271621087e-01
241               	1.9252265558e-01
242               	1.9232798069e-01
243               	1.9213327214e-01
244               	1.9193839971e-01
245               	1.9174356169e-01
246               	1.9154809243e-01
247               	1.9135244729e-01
248               	1.9115688128e-01
249               	1.9096151530e-01
250               	1.9076618988e-01
251               	1.9057116629e-01
252               	1.9037663402e-01
253               	1.9018301571e-01
254               	1.8998929836e-01
255               	1.8979628939e-01
256               	1.8960400719e-01
257               	1.8941285129e-01
258               	1.8922275564e-01
259               	1.8903281513e-01
260               	1.8884399830e-01
261               	1.8865628427e-01
262               	1.8846967393e-01
263               	1.8828360136e-01
264               	1.8809837516e-01
265               	1.8791414772e-01
266               	1.8773108142e-01
267               	1.8754871402e-01
268               	1.8736750531e-01
269               	1.8718709117e-01
270               	1.8700812439e-01
271               	1.8682999272e-01
272               	1.8665251338e-01
273               	1.8647592291e-01
274               	1.8630086814e-01
275               	1.8612686103e-01
276               	1.8595352717e-01
277               	1.8578103697e-01
278               	1.8560996193e-01
279               	1.8543932622e-01
280               	1.8527023965e-01
281               	1.8510169993e-01
282               	1.8493452508e-01
283               	1.8476810098e-01
284               	1.8460339147e-01
285               	1.8443895572e-01
286               	1.8427603119e-01
287               	1.8411381467e-01
288               	1.8395335210e-01
289               	1.8379328254e-01
290               	1.8363486726e-01
291               	1.8347726700e-01
292               	1.8332126197e-01
293               	1.8316586121e-01
294               	1.8301208103e-01
295               	1.8285879741e-01
296               	1.8270747170e-01
297               	1.8255697770e-01
298               	1.8240807430e-01
299               	1.8225974755e-01
300               	1.8211346026e-01
301               	1.8196782671e-01
302               	1.8182363609e-01
303               	1.8168028447e-01
304               	1.8153878550e-01
305               	1.8139791605e-01
306               	1.8125886613e-01
307               	1.8112036936e-01
308               	1.8098346112e-01
309               	1.8084757191e-01
310               	1.8071341024e-01
311               	1.8057944462e-01
312               	1.8044738197e-01
313               	1.8031592147e-01
314               	1.8018630653e-01
315               	1.8005681679e-01
316               	1.7992936186e-01
317               	1.7980233589e-01
318               	1.7967740671e-01
319               	1.7955256579e-01
320               	1.7942941386e-01
321               	1.7930666314e-01
322               	1.7918571710e-01
323               	1.7906489070e-01
324               	1.7894589458e-01
325               	1.7882699390e-01
326               	1.7870974838e-01
327               	1.7859264245e-01
328               	1.7847719694e-01
329               	1.7836203993e-01
330               	1.7824864524e-01
331               	1.7813526442e-01
332               	1.7802338328e-01
333               	1.7791149675e-01
334               	1.7780144289e-01
335               	1.7769130611e-01
336               	1.7758293932e-01
337               	1.7747429170e-01
338               	1.7736719672e-01
339               	1.7726062431e-01
340               	1.7715587561e-01
341               	1.7705057344e-01
342               	1.7694707751e-01
343               	1.7684312332e-01
344               	1.7674094041e-01
345               	1.7663868258e-01
346               	1.7653819342e-01
