/*--------------------------------*- C++ -*----------------------------------*\
| =========                 |                                                 |
| \\      /  F ield         | OpenFOAM: The Open Source CFD Toolbox           |
|  \\    /   O peration     | Version:  2312                                  |
|   \\  /    A nd           | Website:  www.openfoam.com                      |
|    \\/     M anipulation  |                                                 |
\*---------------------------------------------------------------------------*/
FoamFile
{
    version     2.0;
    format      ascii;
    arch        "LSB;label=32;scalar=64";
    class       surfaceScalarField;
    location    "100";
    object      phi;
}
// * * * * * * * * * * * * * * * * * * * * * * * * * * * * * * * * * * * * * //

dimensions      [0 3 -1 0 0 0 0];

oriented        oriented;

internalField   nonuniform List<scalar> 
500
(
1.0422549e-05
-1.5249269e-10
-1.7634648e-11
0.0047297725
1.8131525e-05
-1.0402106e-10
-3.3778088e-11
0.0050795524
2.2559166e-05
-1.1037949e-10
-3.5191138e-11
0.0054299
2.340005e-05
-1.1211179e-10
-3.4132259e-11
0.0057805531
2.0800463e-05
-1.0602226e-10
-3.2878556e-11
0.0061310599
1.5392542e-05
-9.5826664e-11
-3.2258012e-11
0.0064809345
8.0215854e-06
-8.6651756e-11
-3.1536222e-11
0.0068299638
-8.4854625e-11
-2.9409234e-11
-5.3695508e-07
0.0071782177
1.042259e-05
-1.7765097e-10
0.0047297726
1.8131634e-05
-1.4257743e-10
0.0050795524
2.2559252e-05
-1.3532558e-10
0.0054299001
2.3400109e-05
-1.2888972e-10
0.0057805531
2.0800479e-05
-1.2113805e-10
0.0061310599
1.5392489e-05
-1.1132984e-10
0.0064809345
8.021527e-06
-1.022749e-10
0.0068299639
-9.6962933e-11
-5.3704875e-07
0.0071782177
1.0422269e-05
2.5053301e-10
0.0047297724
1.8131128e-05
1.5206319e-10
0.0050795522
2.2558595e-05
1.491483e-10
0.0054298999
2.3399321e-05
1.4729093e-10
0.005780553
2.0799592e-05
1.3708461e-10
0.0061310597
1.539153e-05
1.1960025e-10
0.0064809343
8.0205406e-06
1.0303949e-10
0.0068299637
9.8150841e-11
-5.3805396e-07
0.0071782175
1.0422589e-05
0.0047297726
1.8131525e-05
0.0050795524
2.2559116e-05
0.0054299001
2.3399937e-05
0.0057805531
2.0800303e-05
0.0061310599
1.5392321e-05
0.0064809345
8.0213368e-06
0.0068299638
-5.3724537e-07
0.0071782177
-1.4419802e-05
-1.4106539e-10
-3.1923505e-11
0.011419121
-2.7502375e-05
-1.3446885e-10
-2.7165611e-11
0.01219922
-3.7935807e-05
-1.2257907e-10
-2.3426344e-11
0.01297747
-4.4044663e-05
-1.1157138e-10
-2.0362316e-11
0.013754044
-4.4406879e-05
-1.0196992e-10
-1.7287663e-11
0.014529197
-3.7869296e-05
-9.103401e-11
-9.2892015e-12
0.015303196
-2.3446615e-05
-8.1437842e-11
3.4202711e-12
0.01607621
-6.6087627e-11
2.0938095e-11
0.016848085
-1.4419903e-05
-1.4753454e-10
0.011419121
-2.750256e-05
-1.3756237e-10
0.01219922
-3.7935933e-05
-1.2602109e-10
0.01297747
-4.404492e-05
-1.1457532e-10
0.013754044
-4.4406982e-05
-1.0349548e-10
0.014529197
-3.7869355e-05
-9.3113513e-11
0.015303196
-2.3446532e-05
-8.4022434e-11
0.01607621
-8.5015336e-11
0.016848085
-1.442093e-05
1.7423654e-10
0.011419121
-2.7503585e-05
1.5878672e-10
0.012199219
-3.7936884e-05
1.3398499e-10
0.01297747
-4.4045769e-05
1.0916794e-10
0.013754044
-4.4407647e-05
8.7306467e-11
0.014529197
-3.7869808e-05
7.2385997e-11
0.015303196
-2.3446735e-05
6.8204475e-11
0.01607621
7.0404837e-11
0.016848085
-1.4420069e-05
0.011419121
-2.7502644e-05
0.01219922
-3.7936025e-05
0.01297747
-4.4044886e-05
0.013754044
-4.4407046e-05
0.014529197
-3.7869426e-05
0.015303196
-2.3446664e-05
0.01607621
0.016848085
2.9262023e-08
2.4232589e-12
1.1721506e-11
0.0047297442
2.5557329e-07
-2.748707e-12
1.037665e-12
0.0050793269
5.2510017e-07
-2.4612229e-12
1.8355851e-12
0.0054296314
7.7952927e-07
-2.032326e-12
2.4966738e-12
0.0057802997
9.9710766e-07
-1.9402148e-12
2.2427009e-12
0.0061308432
1.1673983e-06
-2.3141754e-12
1.1653471e-12
0.0064807652
1.2877371e-06
-2.8323962e-12
3.0246532e-14
0.0068298442
-2.8272621e-12
2.0095815e-13
1.3797168e-06
0.0071781265
2.9270713e-08
-1.3170371e-11
0.0047297442
2.5557478e-07
-1.5526256e-11
0.0050793269
5.2509413e-07
-1.4078024e-11
0.0054296314
7.7952627e-07
-1.2965277e-11
0.0057802998
9.9709715e-07
-1.2237838e-11
0.0061308432
1.1673968e-06
-1.1804519e-11
0.0064807652
1.2877176e-06
-1.153869e-11
0.0068298442
-1.0921212e-11
1.3797011e-06
0.0071781265
2.9235464e-08
1.5008407e-11
0.004729744
2.5550992e-07
1.193752e-11
0.0050793268
5.2500406e-07
1.1098185e-11
0.0054296312
7.7942019e-07
1.0522755e-11
0.0057802996
9.969732e-07
9.7302582e-12
0.006130843
1.167268e-06
8.7485695e-12
0.006480765
1.2875738e-06
7.8804038e-12
0.006829844
7.343067e-12
1.3795565e-06
0.0071781263
2.9263492e-08
0.0047297442
2.5555285e-07
0.0050793269
5.2506194e-07
0.0054296314
7.7948684e-07
0.0057802997
9.9704966e-07
0.0061308432
1.1673472e-06
0.0064807652
1.2876577e-06
0.0068298442
1.3796387e-06
0.0071781265
1.6076164e-06
-7.9448853e-13
6.8099236e-12
0.011418894
1.8078177e-06
-1.101334e-12
6.6858551e-12
0.01219902
1.9703589e-06
-1.7872216e-12
5.7154075e-12
0.012977308
2.1105441e-06
-2.4098779e-12
4.8717166e-12
0.013753905
2.2532588e-06
-2.9359348e-12
4.1836392e-12
0.014529054
2.3828907e-06
-3.4879277e-12
3.4032114e-12
0.015303067
2.1883853e-06
-4.2089189e-12
2.318424e-12
0.016076405
-2.3019982e-12
3.6526966e-12
0.016850274
1.6075947e-06
-1.2700789e-11
0.011418894
1.8078258e-06
-1.1926678e-11
0.01219902
1.9703498e-06
-1.1530596e-11
0.012977308
2.1105692e-06
-1.1068168e-11
0.013753905
2.2532453e-06
-1.0576134e-11
0.014529054
2.3828643e-06
-1.016846e-11
0.015303067
2.1883222e-06
-9.7665529e-12
0.016076405
-6.8651158e-12
0.016850274
1.6074443e-06
1.0112788e-11
0.011418893
1.8076939e-06
8.9670594e-12
0.01219902
1.9702174e-06
7.6328845e-12
0.012977307
2.1104689e-06
6.3287945e-12
0.013753904
2.2531442e-06
5.2233654e-12
0.014529054
2.3827804e-06
4.4050817e-12
0.015303066
2.1882491e-06
3.7385047e-12
0.016076405
1.9436314e-13
0.016850273
1.60753e-06
0.011418894
1.8077735e-06
0.01219902
1.9702943e-06
0.012977308
2.1105346e-06
0.013753905
2.2532031e-06
0.014529054
2.3828287e-06
0.015303067
2.1882842e-06
0.016076405
0.016850274
1.6188245e-08
-7.765705e-10
1.4153908e-09
9.1284838e-07
-8.9854852e-10
1.0959405e-09
3.0463306e-06
-8.9562981e-10
1.0645441e-09
6.5694013e-06
-8.8464693e-10
1.0154751e-09
1.1405418e-05
-8.7687707e-10
9.4279815e-10
1.7197433e-05
-8.7099665e-10
8.6728335e-10
2.3440364e-05
-8.6174342e-10
8.080648e-10
-8.4127575e-10
7.851431e-10
2.9653974e-05
1.6547077e-08
-9.8829602e-10
9.1321122e-07
-1.1582632e-09
3.0468361e-06
-1.1447806e-09
6.5699708e-06
-1.124925e-09
1.1406082e-05
-1.1115933e-09
1.7198155e-05
-1.101884e-09
2.3441061e-05
-1.0894559e-09
-1.0603205e-09
2.9654665e-05
1.6321483e-08
-8.1954823e-10
9.1260312e-07
-8.3655145e-10
3.0459461e-06
-8.2823457e-10
6.5688297e-06
-8.0791346e-10
1.1404743e-05
-7.8452369e-10
1.7196649e-05
-7.6195105e-10
2.3439392e-05
-7.4039871e-10
-7.194803e-10
2.965288e-05
1.6578797e-08
9.1294979e-07
3.0464608e-06
6.5694487e-06
1.1405483e-05
1.7197486e-05
2.3440267e-05
2.9653796e-05
3.8123395e-05
-1.197266e-09
1.2278568e-09
4.4532207e-05
-1.1696534e-09
1.1810082e-09
4.78878e-05
-1.1598018e-09
1.1158826e-09
4.7356211e-05
-1.1573976e-09
1.05597e-09
4.2337405e-05
-1.1578532e-09
1.0072947e-09
3.2506722e-05
-1.1596362e-09
9.6919101e-10
1.7961559e-05
-1.164003e-09
9.3683308e-10
-1.214909e-09
8.4447516e-10
3.8124089e-05
-1.472045e-09
4.4533016e-05
-1.4323723e-09
4.7888504e-05
-1.4181947e-09
4.7357097e-05
-1.4102085e-09
4.2337968e-05
-1.4059021e-09
3.2507152e-05
-1.4031921e-09
1.7961688e-05
-1.3942996e-09
-1.3461283e-09
3.8122292e-05
-1.0506171e-09
4.4531318e-05
-1.0187045e-09
4.7886885e-05
-9.9533568e-10
4.7355724e-05
-9.795139e-10
4.2336724e-05
-9.677579e-10
3.2506162e-05
-9.5963075e-10
1.7960975e-05
-9.6189281e-10
-1.0340162e-09
3.8123214e-05
4.4532307e-05
4.7887783e-05
4.7356717e-05
4.2337458e-05
3.2506754e-05
1.7961279e-05
)
;

boundaryField
{
    inlet
    {
        type            calculated;
        value           nonuniform List<scalar> 
64
(
-0.0047401949
-0.0050872612
-0.0054343275
-0.0057813938
-0.0061284601
-0.0064755264
-0.0068225927
-0.007169659
-0.0047401949
-0.0050872612
-0.0054343275
-0.0057813938
-0.0061284601
-0.0064755264
-0.0068225927
-0.007169659
-0.0047401949
-0.0050872612
-0.0054343275
-0.0057813938
-0.0061284601
-0.0064755264
-0.0068225927
-0.007169659
-0.0047401949
-0.0050872612
-0.0054343275
-0.0057813938
-0.0061284601
-0.0064755264
-0.0068225927
-0.007169659
-0.011405238
-0.012186137
-0.012967036
-0.013747935
-0.014528834
-0.015309734
-0.016090633
-0.016871532
-0.011405238
-0.012186137
-0.012967036
-0.013747935
-0.014528834
-0.015309734
-0.016090633
-0.016871532
-0.011405238
-0.012186137
-0.012967036
-0.013747935
-0.014528834
-0.015309734
-0.016090633
-0.016871532
-0.011405238
-0.012186137
-0.012967036
-0.013747935
-0.014528834
-0.015309734
-0.016090633
-0.016871532
)
;
    }
    outlet
    {
        type            calculated;
        value           nonuniform List<scalar> 
64
(
0.0047297268
0.0050784296
0.005427497
0.0057767757
0.0061260064
0.0064749724
0.0068236008
0.0071719123
0.0047297268
0.0050784296
0.0054274971
0.0057767758
0.0061260065
0.0064749724
0.0068236009
0.0071719123
0.0047297263
0.0050784291
0.0054274966
0.0057767752
0.0061260058
0.0064749717
0.0068236002
0.0071719116
0.0047297266
0.0050784294
0.0054274969
0.0057767756
0.0061260062
0.0064749722
0.0068236006
0.007171912
0.011410424
0.012192611
0.012973952
0.013754436
0.014534074
0.015312898
0.016090951
0.016868236
0.011410424
0.012192611
0.012973952
0.013754436
0.014534074
0.015312898
0.01609095
0.016868236
0.011410423
0.01219261
0.012973951
0.013754434
0.014534072
0.015312896
0.016090949
0.016868234
0.011410423
0.01219261
0.012973951
0.013754435
0.014534073
0.015312897
0.01609095
0.016868235
)
;
    }
    hub
    {
        type            calculated;
        value           uniform 0;
    }
    throat
    {
        type            calculated;
        value           uniform 0;
    }
}


// ************************************************************************* //
