/*--------------------------------*- C++ -*----------------------------------*\
| =========                 |                                                 |
| \\      /  F ield         | OpenFOAM: The Open Source CFD Toolbox           |
|  \\    /   O peration     | Version:  2312                                  |
|   \\  /    A nd           | Website:  www.openfoam.com                      |
|    \\/     M anipulation  |                                                 |
\*---------------------------------------------------------------------------*/
FoamFile
{
    version     2.0;
    format      ascii;
    arch        "LSB;label=32;scalar=64";
    class       volVectorField;
    location    "100";
    object      U;
}
// * * * * * * * * * * * * * * * * * * * * * * * * * * * * * * * * * * * * * //

dimensions      [0 1 -1 0 0 0 0];

internalField   nonuniform List<vector> 
192
(
(23.992349 0.072615611 0.072615675)
(24.006265 -0.008113027 -0.0081129523)
(24.019004 -0.0052580007 -0.0052579329)
(24.030052 0.00015664068 0.00015669955)
(24.038799 0.00098777895 0.00098783023)
(24.044828 0.00053267507 0.00053272093)
(24.048344 0.00024724545 0.0002472867)
(24.049955 7.2307368e-05 7.2341573e-05)
(23.992349 -0.072615492 0.072615689)
(24.006265 0.0081131475 -0.0081129695)
(24.019004 0.0052581297 -0.0052579537)
(24.030052 -0.00015650895 0.00015668118)
(24.038799 -0.00098765004 0.00098781449)
(24.044828 -0.00053255173 0.00053270582)
(24.048344 -0.0002471263 0.000247271)
(24.049955 -7.2184484e-05 7.2324943e-05)
(23.992349 -0.072615574 -0.072615456)
(24.006265 0.0081130384 0.0081131657)
(24.019004 0.00525802 0.0052581409)
(24.030051 -0.00015660884 -0.00015649839)
(24.038798 -0.00098774081 -0.00098764002)
(24.044828 -0.00053263641 -0.00053254268)
(24.048344 -0.00024720659 -0.00024711829)
(24.049955 -7.2259747e-05 -7.2178574e-05)
(23.992349 0.072615751 -0.072615607)
(24.006265 -0.0081129154 0.0081130408)
(24.019004 -0.0052578999 0.0052580228)
(24.030052 0.00015673489 -0.00015661423)
(24.038799 0.0009878646 -0.00098774967)
(24.044828 0.0005327512 -0.00053264498)
(24.048344 0.00024731275 -0.00024721511)
(24.049955 7.2368356e-05 -7.2274864e-05)
(24.050244 -0.00012392057 -0.00012390083)
(24.048318 -0.00037500406 -0.00037499217)
(24.044586 -0.0008602656 -0.00086025872)
(24.039359 -0.0014946306 -0.0014946283)
(24.032884 0.00053989296 0.00053989072)
(24.025295 0.0098427502 0.0098427431)
(24.016711 0.011642381 0.011642367)
(24.007922 -0.12792539 -0.12792541)
(24.050244 0.00012405539 -0.00012391186)
(24.048318 0.00037514138 -0.00037500294)
(24.044586 0.0008603979 -0.00086026681)
(24.039359 0.0014947568 -0.0014946328)
(24.032884 -0.00053977255 0.00053988972)
(24.025295 -0.0098426363 0.0098427466)
(24.016711 -0.011642274 0.011642378)
(24.007922 0.1279255 -0.12792539)
(24.050244 0.00012398645 0.00012405376)
(24.048318 0.00037507664 0.00037513821)
(24.044586 0.00086033341 0.00086039292)
(24.039359 0.0014946915 0.0014947496)
(24.032884 -0.00053983871 -0.00053978274)
(24.025295 -0.0098427024 -0.0098426504)
(24.016711 -0.011642335 -0.011642291)
(24.007922 0.12792544 0.12792548)
(24.050244 -0.00012386425 0.0001239602)
(24.048318 -0.00037495468 0.00037504344)
(24.044586 -0.00086022405 0.00086030252)
(24.039359 -0.001494597 0.0014946653)
(24.032884 0.00053991762 -0.00053985866)
(24.025295 0.0098427686 -0.0098427174)
(24.016711 0.011642405 -0.011642359)
(24.007922 -0.12792536 0.1279254)
(23.981801 0.015197342 0.015197508)
(23.997907 -0.0021652114 -0.0021650343)
(24.014899 -0.0010348108 -0.0010346457)
(24.031303 0.00030140337 0.00030155315)
(24.04533 0.00045348435 0.00045361931)
(24.055489 0.00039476083 0.00039488284)
(24.061576 0.00040451678 0.00040462724)
(24.064376 0.00042532933 0.00042542636)
(23.981801 -0.015197169 0.015197812)
(23.997907 0.0021654198 -0.002164766)
(24.014899 0.0010350141 -0.0010343887)
(24.031303 -0.00030121174 0.00030179869)
(24.04533 -0.00045330238 0.00045384944)
(24.055489 -0.00039458528 0.00039509673)
(24.061576 -0.00040434446 0.0004048261)
(24.064376 -0.00042516138 0.00042561478)
(23.981801 -0.01519756 -0.015197295)
(23.997906 0.0021649726 0.0021652468)
(24.014898 0.0010345857 0.0010348465)
(24.031303 -0.0003016024 -0.00030136087)
(24.04533 -0.00045365805 -0.00045343504)
(24.055488 -0.00039491409 -0.00039470608)
(24.061575 -0.00040465231 -0.00040445604)
(24.064375 -0.00042544885 -0.00042526488)
(23.981801 0.015197861 -0.015197316)
(23.997907 -0.0021647234 0.0021652802)
(24.014899 -0.0010343462 0.001034876)
(24.031303 0.00030183917 -0.00030134394)
(24.04533 0.0004538835 -0.00045342446)
(24.055489 0.00039512266 -0.0003946972)
(24.061576 0.00040484522 -0.00040444937)
(24.064375 0.00042563386 -0.00042526738)
(24.064801 0.00045642895 0.00045650257)
(24.061255 0.0005029205 0.00050297802)
(24.054645 0.00045926153 0.000459306)
(24.045786 0.00024537714 0.00024540965)
(24.035471 0.00057074008 0.00057076212)
(24.0244 0.0030745945 0.0030746078)
(24.013186 0.0043353045 0.0043353094)
(24.002636 -0.030603369 -0.030603375)
(24.064801 -0.0004562775 0.00045668794)
(24.061255 -0.00050277499 0.00050315729)
(24.054645 -0.00045911991 0.0004594804)
(24.045786 -0.00024523937 0.00024558108)
(24.035471 -0.0005706042 0.00057092959)
(24.024401 -0.0030744585 0.00307477)
(24.013186 -0.00433517 0.0043354694)
(24.002636 0.030603511 -0.030603229)
(24.0648 -0.00045653541 -0.00045637237)
(24.061254 -0.00050301514 -0.00050286334)
(24.054644 -0.00045935039 -0.00045920592)
(24.045785 -0.00024546295 -0.00024532498)
(24.03547 -0.00057082159 -0.00057069013)
(24.0244 -0.0030746697 -0.0030745454)
(24.013185 -0.0043353734 -0.0043352583)
(24.002636 0.030603318 0.030603423)
(24.0648 0.00045671322 -0.00045639219)
(24.061255 0.00050318181 -0.00050289377)
(24.054645 0.00045949816 -0.00045923767)
(24.045786 0.00024559165 -0.00024535538)
(24.035471 0.0005709338 -0.00057071781)
(24.0244 0.0030747704 -0.0030745698)
(24.013186 0.0043354723 -0.004335283)
(24.002636 -0.030603242 0.030603413)
(23.982171 0.0058152311 0.0058145779)
(23.993445 -0.0005337199 -0.00053435492)
(24.004965 -0.00040350204 -0.00040413147)
(24.015976 1.0824803e-05 1.0205758e-05)
(24.025545 0.00013287677 0.00013227291)
(24.033101 0.00017320354 0.0001726162)
(24.038697 0.00022434547 0.00022377306)
(24.042699 0.00028004777 0.00027948606)
(23.982172 -0.0058143965 0.0058156406)
(23.993445 0.00053457964 -0.00053331163)
(24.004966 0.00040435368 -0.00040310579)
(24.015977 -9.9926201e-06 1.120479e-05)
(24.025546 -0.00013206368 0.00013323833)
(24.033101 -0.00017240792 0.00017354865)
(24.038697 -0.00022356763 0.00022467756)
(24.0427 -0.00027929322 0.00028037022)
(23.982169 -0.0058156268 -0.0058145492)
(23.993443 0.00053333635 0.00053442761)
(24.004963 0.00040313659 0.00040420917)
(24.015974 -1.1167018e-05 -1.0127437e-05)
(24.025543 -0.00013319298 -0.00013218892)
(24.033098 -0.00017349693 -0.00017252552)
(24.038695 -0.00022462224 -0.00022368022)
(24.042697 -0.00028031684 -0.00027940454)
(23.982171 0.0058148952 -0.0058153827)
(23.993444 -0.00053407313 0.00053361408)
(24.004965 -0.00040386249 0.0004034076)
(24.015976 1.0462066e-05 -1.0909276e-05)
(24.025545 0.00013251051 -0.00013294451)
(24.0331 0.00017283575 -0.00017325445)
(24.038696 0.00022398076 -0.00022438588)
(24.042699 0.000279695 -0.0002800926)
(24.046129 0.00034184347 0.00034128755)
(24.047968 0.00038906011 0.00038851618)
(24.048009 0.00038332704 0.00038279469)
(24.046545 0.00033499721 0.00033447406)
(24.043838 0.00049633932 0.00049582289)
(24.040135 0.0012454387 0.0012449264)
(24.035645 0.0011402204 0.0011397083)
(24.030571 -0.012363822 -0.01236434)
(24.046129 -0.0003411207 0.00034214924)
(24.047968 -0.00038836246 0.00038935778)
(24.048009 -0.0003826427 0.00038361619)
(24.046545 -0.0003343208 0.00033527828)
(24.043838 -0.00049566731 0.00049661287)
(24.040135 -0.0012447698 0.0012457058)
(24.035645 -0.0011395591 0.0011404844)
(24.030571 0.012364487 -0.012363576)
(24.046127 -0.00034210383 -0.00034123232)
(24.047966 -0.00038931565 -0.00038847428)
(24.048007 -0.0003835732 -0.00038275269)
(24.046543 -0.00033523375 -0.00033442886)
(24.043836 -0.00049656674 -0.00049577367)
(24.040132 -0.0012456584 -0.0012448748)
(24.035643 -0.0011404381 -0.0011396643)
(24.030568 0.012363614 0.012364377)
(24.046128 0.00034150301 -0.00034190242)
(24.047967 0.00038873578 -0.00038912625)
(24.048008 0.00038300755 -0.00038338736)
(24.046544 0.0003346781 -0.00033504904)
(24.043837 0.00049601799 -0.00049638227)
(24.040134 0.0012451153 -0.0012454756)
(24.035644 0.0011399015 -0.0011402625)
(24.030569 -0.012364167 0.012363797)
)
;

boundaryField
{
    inlet
    {
        type            fixedValue;
        value           uniform (24.035062 0 0);
    }
    outlet
    {
        type            zeroGradient;
    }
    hub
    {
        type            fixedValue;
        value           uniform (0 0 0);
    }
    throat
    {
        type            fixedValue;
        value           uniform (0 0 0);
    }
}


// ************************************************************************* //
