/*--------------------------------*- C++ -*----------------------------------*\
| =========                 |                                                 |
| \\      /  F ield         | OpenFOAM: The Open Source CFD Toolbox           |
|  \\    /   O peration     | Version:  2312                                  |
|   \\  /    A nd           | Website:  www.openfoam.com                      |
|    \\/     M anipulation  |                                                 |
\*---------------------------------------------------------------------------*/
FoamFile
{
    version     2.0;
    format      ascii;
    arch        "LSB;label=32;scalar=64";
    class       surfaceScalarField;
    location    "100";
    object      phi;
}
// * * * * * * * * * * * * * * * * * * * * * * * * * * * * * * * * * * * * * //

dimensions      [0 3 -1 0 0 0 0];

oriented        oriented;

internalField   nonuniform List<scalar> 
500
(
1.0060749e-05
-9.910878e-11
-1.3125719e-10
0.0052356708
1.7249438e-05
-6.4705459e-11
-9.1850814e-11
0.0056999262
2.0856514e-05
-5.85504e-11
-8.3372318e-11
0.0061648914
2.0529892e-05
-5.4862177e-11
-7.7798579e-11
0.0066302088
1.6493624e-05
-5.1417623e-11
-7.2233021e-11
0.0070953019
9.5220151e-06
-4.6433167e-11
-6.3720616e-11
0.0075596208
5.6359054e-07
-4.1962182e-11
-5.4847421e-11
0.0080229911
-4.0299148e-11
-4.8682282e-11
-9.5438227e-06
0.0084855238
1.0060476e-05
-1.2400351e-11
0.0052356707
1.7249034e-05
-3.8615135e-11
0.0056999261
2.0856007e-05
-4.3940389e-11
0.0061648914
2.0529299e-05
-4.3266343e-11
0.0066302087
1.6492961e-05
-4.1213056e-11
0.0070953019
9.5213085e-06
-4.0514205e-11
0.0075596208
5.6286685e-07
-4.0167607e-11
0.008022991
-3.8243694e-11
-9.5445483e-06
0.0084855237
1.0060637e-05
-1.1596276e-10
0.0052356707
1.7249232e-05
-8.2526384e-11
0.0056999262
2.0856217e-05
-7.6305404e-11
0.0061648914
2.0529512e-05
-7.2316076e-11
0.0066302088
1.6493175e-05
-6.8557662e-11
0.0070953019
9.5215135e-06
-6.3011607e-11
0.0075596208
5.630543e-07
-5.7876111e-11
0.0080229911
-5.5595885e-11
-9.5443774e-06
0.0084855237
1.0060342e-05
0.0052356707
1.7248783e-05
0.0056999261
2.0855645e-05
0.0061648913
2.0528836e-05
0.0066302087
1.6492416e-05
0.0070953018
9.5206991e-06
0.0075596207
5.6221525e-07
0.008022991
-9.5452233e-06
0.0084855236
-2.5563269e-05
-6.6546213e-11
-7.0568558e-11
0.013594238
-4.0341929e-05
-6.4193138e-11
-5.6314232e-11
0.01463111
-5.1776966e-05
-6.1120045e-11
-4.0587742e-11
0.01566588
-5.793422e-05
-5.8890576e-11
-2.6240788e-11
0.016698715
-5.7146272e-05
-5.6702544e-11
-1.2517317e-11
0.017729882
-4.8037422e-05
-5.021501e-11
8.4873287e-12
0.018759674
-2.9427888e-05
-3.879181e-11
3.6987256e-11
0.019788287
-3.4164518e-11
5.8351508e-11
0.02081558
-2.5564008e-05
-4.6220463e-11
0.013594238
-4.0342653e-05
-4.4866434e-11
0.01463111
-5.1777642e-05
-4.5774079e-11
0.015665879
-5.7934822e-05
-4.661588e-11
0.016698714
-5.7146778e-05
-4.5833475e-11
0.017729882
-4.80378e-05
-4.2194841e-11
0.018759674
-2.9428091e-05
-3.5522654e-11
0.019788287
-2.6589961e-11
0.02081558
-2.5563829e-05
-8.8481425e-11
0.013594238
-4.034247e-05
-8.4620237e-11
0.01463111
-5.1777464e-05
-7.9966398e-11
0.015665879
-5.7934661e-05
-7.6233924e-11
0.016698714
-5.7146642e-05
-7.259713e-11
0.017729882
-4.8037699e-05
-6.4342069e-11
0.018759674
-2.9428039e-05
-5.0926244e-11
0.019788287
-4.4704643e-11
0.02081558
-2.5564691e-05
0.013594238
-4.0343314e-05
0.01463111
-5.1778253e-05
0.015665879
-5.7935364e-05
0.016698714
-5.7147232e-05
0.017729882
-4.8038138e-05
0.018759674
-2.9428275e-05
0.019788286
0.02081558
-3.6276241e-09
-7.6555121e-12
-1.4400692e-11
0.0052356745
1.9333474e-07
-4.8632133e-12
-1.1078935e-11
0.0056997294
4.3811914e-07
-4.203448e-12
-1.0140876e-11
0.0061646468
6.7086165e-07
-3.9045847e-12
-9.5468627e-12
0.0066299763
8.6963537e-07
-3.6622211e-12
-8.8496533e-12
0.0070951034
1.0253625e-06
-3.366821e-12
-7.931593e-12
0.0075594654
1.1379439e-06
-3.1368827e-12
-7.013149e-12
0.0080228788
-3.0748691e-12
-6.251554e-12
1.2302833e-06
0.0084854318
-3.6518725e-09
-6.2045744e-12
0.0052356745
1.9329897e-07
-8.1640725e-12
0.0056997293
4.3807393e-07
-8.3707806e-12
0.0061646468
6.7080842e-07
-8.0128882e-12
0.0066299763
8.6957508e-07
-7.5429519e-12
0.0070951033
1.0252975e-06
-7.1826921e-12
0.0075594653
1.1378759e-06
-6.8913456e-12
0.0080228787
-6.5356948e-12
1.2302139e-06
0.0084854317
-3.6444918e-09
-1.0519747e-11
0.0052356745
1.9330436e-07
-7.9360893e-12
0.0056997294
4.3807576e-07
-7.3252225e-12
0.0061646468
6.7080668e-07
-6.9803087e-12
0.0066299763
8.6957024e-07
-6.6392332e-12
0.0070951034
1.0252895e-06
-6.2136847e-12
0.0075594654
1.1378648e-06
-5.8493395e-12
0.0080228788
-5.6689157e-12
1.2302003e-06
0.0084854317
-3.6728477e-09
0.0052356745
1.9326032e-07
0.0056997293
4.3801824e-07
0.0061646467
6.7073748e-07
0.0066299762
8.6949088e-07
0.0070951033
1.025203e-06
0.0075594653
1.1377736e-06
0.0080228786
1.2301066e-06
0.0084854316
1.4770578e-06
-4.9670235e-12
-8.3701002e-12
0.013593991
1.7154062e-06
-4.9307824e-12
-6.7091593e-12
0.014630872
1.934685e-06
-4.8209565e-12
-4.9556955e-12
0.015665661
2.1513174e-06
-4.6823495e-12
-3.2236204e-12
0.016698498
2.3944813e-06
-4.5229272e-12
-1.6194136e-12
0.017729639
2.6408039e-06
-4.3456536e-12
-2.9067839e-13
0.018759428
2.5114959e-06
-4.1749011e-12
3.3167767e-13
0.019788416
-4.812391e-12
-1.8107201e-12
0.020818092
1.4769867e-06
-8.7096926e-12
0.013593991
1.7153367e-06
-8.2117286e-12
0.014630872
1.9346204e-06
-7.8890295e-12
0.01566566
2.1512612e-06
-7.5722943e-12
0.016698498
2.3944367e-06
-7.1768508e-12
0.017729639
2.6407737e-06
-6.6769652e-12
0.018759428
2.5114813e-06
-6.186504e-12
0.019788416
-6.0006185e-12
0.020818092
1.4769723e-06
-8.6984885e-12
0.013593991
1.7153224e-06
-8.3987788e-12
0.014630872
1.9346064e-06
-8.0189784e-12
0.01566566
2.151248e-06
-7.6132939e-12
0.016698498
2.3944249e-06
-7.1781851e-12
0.017729639
2.6407639e-06
-6.7557591e-12
0.018759428
2.5114745e-06
-6.6412912e-12
0.019788416
-8.4197919e-12
0.020818092
1.4768758e-06
0.013593991
1.7152278e-06
0.014630872
1.9345183e-06
0.01566566
2.1511713e-06
0.016698498
2.3943641e-06
0.017729639
2.640723e-06
0.018759428
2.5114554e-06
0.019788416
0.020818091
-2.0484696e-07
-1.7747163e-09
1.0662393e-09
6.009535e-07
-1.6598611e-09
1.1794352e-09
2.889961e-06
-1.6105869e-09
1.1830416e-09
6.8718504e-06
-1.5558979e-09
1.1588341e-09
1.2437599e-05
-1.4992142e-09
1.1274029e-09
1.9130244e-05
-1.4451189e-09
1.1002715e-09
2.6358999e-05
-1.3985139e-09
1.0761872e-09
-1.3611493e-09
1.0501395e-09
3.3589504e-05
-2.0563759e-07
-1.5925837e-09
5.9980894e-07
-1.681507e-09
2.8885708e-06
-1.6814648e-09
6.8702776e-06
-1.6510556e-09
1.2435896e-05
-1.6119446e-09
1.9128467e-05
-1.576044e-09
2.6357196e-05
-1.5428529e-09
-1.5069619e-09
3.3587701e-05
-2.0508882e-07
-1.8615156e-09
6.0051953e-07
-1.7596219e-09
2.8893548e-06
-1.7137971e-09
6.8710915e-06
-1.6588093e-09
1.2436707e-05
-1.6002807e-09
1.912924e-05
-1.5435656e-09
2.6357905e-05
-1.4938432e-09
-1.4529674e-09
3.3588344e-05
-2.0598861e-07
5.9913733e-07
2.8876002e-06
6.8690382e-06
1.2434423e-05
1.9126798e-05
2.6355371e-05
3.3585763e-05
4.3552128e-05
-1.9969617e-09
1.5121082e-09
5.1235805e-05
-1.9367186e-09
1.4766002e-09
5.5454322e-05
-1.8854483e-09
1.456528e-09
5.5179419e-05
-1.8434661e-09
1.4468611e-09
4.9623032e-05
-1.8093567e-09
1.4470854e-09
3.8305098e-05
-1.7829343e-09
1.4521329e-09
2.1253847e-05
-1.7689234e-09
1.4380905e-09
-1.7977536e-09
1.3339949e-09
4.3550295e-05
-2.176077e-09
5.1234011e-05
-2.1225185e-09
5.5452656e-05
-2.087411e-09
5.5177973e-05
-2.0632676e-09
4.96219e-05
-2.0459782e-09
3.8304365e-05
-2.0318461e-09
2.1253559e-05
-2.0204197e-09
-2.0101701e-09
4.3550918e-05
-2.127538e-09
5.1234602e-05
-2.0590671e-09
5.5453184e-05
-1.99982e-09
5.5178405e-05
-1.9500199e-09
4.9622205e-05
-1.9078528e-09
3.8304522e-05
-1.874411e-09
2.1253577e-05
-1.8619768e-09
-1.9200803e-09
4.3548273e-05
5.1232004e-05
5.5450767e-05
5.5176302e-05
4.9620552e-05
3.8303443e-05
2.1253134e-05
)
;

boundaryField
{
    inlet
    {
        type            calculated;
        value           nonuniform List<scalar> 
64
(
-0.0052457305
-0.005707114
-0.0061684976
-0.0066298811
-0.0070912647
-0.0075526483
-0.0080140318
-0.0084754154
-0.0052457305
-0.005707114
-0.0061684976
-0.0066298811
-0.0070912647
-0.0075526483
-0.0080140318
-0.0084754154
-0.0052457305
-0.005707114
-0.0061684976
-0.0066298811
-0.0070912647
-0.0075526483
-0.0080140318
-0.0084754154
-0.0052457305
-0.005707114
-0.0061684976
-0.0066298811
-0.0070912647
-0.0075526483
-0.0080140318
-0.0084754154
-0.013578217
-0.01461633
-0.015654443
-0.016692556
-0.017730669
-0.018768782
-0.019806895
-0.020845008
-0.013578217
-0.01461633
-0.015654443
-0.016692556
-0.017730669
-0.018768782
-0.019806895
-0.020845008
-0.013578217
-0.01461633
-0.015654443
-0.016692556
-0.017730669
-0.018768782
-0.019806895
-0.020845008
-0.013578217
-0.01461633
-0.015654443
-0.016692556
-0.017730669
-0.018768782
-0.019806895
-0.020845008
)
;
    }
    outlet
    {
        type            calculated;
        value           nonuniform List<scalar> 
64
(
0.0052358787
0.0056989229
0.006162357
0.0066259934
0.0070895368
0.007552772
0.0080156494
0.0084782005
0.0052358785
0.0056989227
0.0061623568
0.0066259933
0.0070895366
0.0075527717
0.0080156492
0.0084782003
0.0052358785
0.0056989226
0.0061623567
0.0066259932
0.0070895365
0.0075527717
0.0080156491
0.0084782002
0.0052358783
0.0056989224
0.0061623565
0.0066259929
0.0070895362
0.0075527713
0.0080156487
0.0084781998
0.013584028
0.014623188
0.015661442
0.016698773
0.017735196
0.018770746
0.019805467
0.020839346
0.013584028
0.014623187
0.015661441
0.016698772
0.017735195
0.018770745
0.019805467
0.020839345
0.013584028
0.014623187
0.015661441
0.016698772
0.017735195
0.018770745
0.019805466
0.020839345
0.013584027
0.014623186
0.01566144
0.016698771
0.017735194
0.018770744
0.019805465
0.020839344
)
;
    }
    hub
    {
        type            calculated;
        value           uniform 0;
    }
    throat
    {
        type            calculated;
        value           uniform 0;
    }
}


// ************************************************************************* //
