/*--------------------------------*- C++ -*----------------------------------*\
| =========                 |                                                 |
| \\      /  F ield         | OpenFOAM: The Open Source CFD Toolbox           |
|  \\    /   O peration     | Version:  2312                                  |
|   \\  /    A nd           | Website:  www.openfoam.com                      |
|    \\/     M anipulation  |                                                 |
\*---------------------------------------------------------------------------*/
FoamFile
{
    version     2.0;
    format      ascii;
    arch        "LSB;label=32;scalar=64";
    class       volVectorField;
    location    "100";
    object      U;
}
// * * * * * * * * * * * * * * * * * * * * * * * * * * * * * * * * * * * * * //

dimensions      [0 1 -1 0 0 0 0];

internalField   nonuniform List<vector> 
192
(
(21.771176 0.064179063 0.064179114)
(21.783031 -0.0073906274 -0.0073905786)
(21.793786 -0.0047067089 -0.0047066633)
(21.802932 6.0072677e-05 6.0114088e-05)
(21.809918 0.0007398608 0.00073989727)
(21.814482 0.00032718469 0.00032721599)
(21.816959 7.5305457e-05 7.5331734e-05)
(21.817927 -7.7750991e-05 -7.7729514e-05)
(21.771176 -0.064178994 0.064179084)
(21.783031 0.0073906718 -0.0073905858)
(21.793786 0.0047067495 -0.004706666)
(21.802932 -6.0031172e-05 6.0109143e-05)
(21.809918 -0.00073981996 0.00073989138)
(21.814482 -0.00032714639 0.00032721175)
(21.816959 -7.5269272e-05 7.5329705e-05)
(21.817927 7.7786892e-05 -7.7730373e-05)
(21.771176 -0.064179138 -0.06417903)
(21.783031 0.0073905563 0.0073906606)
(21.793786 0.0047066426 0.0047067446)
(21.802932 -6.0132092e-05 -6.0035975e-05)
(21.809918 -0.00073991299 -0.00073982399)
(21.814482 -0.00032723077 -0.00032714855)
(21.816959 -7.5346319e-05 -7.5269752e-05)
(21.817927 7.7714691e-05 7.7786636e-05)
(21.771176 0.064179049 -0.064179016)
(21.783031 -0.0073906206 0.007390651)
(21.793786 -0.0047067031 0.0047067302)
(21.802932 6.0070604e-05 -6.0047387e-05)
(21.809917 0.00073985238 -0.00073983352)
(21.814481 0.0003271733 -0.0003271589)
(21.816959 7.5291677e-05 -7.5281567e-05)
(21.817927 -7.7768369e-05 7.7774391e-05)
(21.817784 -0.00024388166 -0.00024386602)
(21.815821 -0.00045096296 -0.00045095408)
(21.812427 -0.00086765061 -0.00086764848)
(21.807846 -0.0014135291 -0.0014135337)
(21.802268 0.00046116179 0.00046115069)
(21.795782 0.0088778004 0.0088777828)
(21.788478 0.010410085 0.010410061)
(21.781062 -0.11575736 -0.11575739)
(21.817783 0.0002439187 -0.00024386615)
(21.815821 0.00045100082 -0.00045095143)
(21.812427 0.00086768811 -0.00086764098)
(21.807846 0.0014135665 -0.0014135215)
(21.802268 -0.00046112384 0.00046116589)
(21.795782 -0.0088777639 0.0088778012)
(21.788478 -0.010410057 0.010410087)
(21.781062 0.11575739 -0.11575736)
(21.817783 0.00024385024 0.00024391734)
(21.815821 0.00045093615 0.00045099911)
(21.812427 0.00086762758 0.0008676873)
(21.807846 0.00141351 0.0014135666)
(21.802268 -0.00046117596 -0.00046112304)
(21.795782 -0.0088778099 -0.0088777625)
(21.788478 -0.010410094 -0.010410055)
(21.781062 0.11575736 0.11575739)
(21.817783 -0.00024390419 0.00024390526)
(21.815821 -0.00045098984 0.00045098513)
(21.812427 -0.0008676797 0.0008676692)
(21.807846 -0.0014135608 0.0014135446)
(21.802268 0.00046112554 -0.00046114754)
(21.795782 0.008877762 -0.0088777898)
(21.788478 0.010410057 -0.01041009)
(21.781062 -0.11575739 0.11575735)
(21.762457 0.01454125 0.014541416)
(21.776541 -0.0022638284 -0.0022636671)
(21.791371 -0.0010007962 -0.0010006432)
(21.80544 0.0002847425 0.00028488387)
(21.817027 0.0003889567 0.00038908381)
(21.824941 0.00032290464 0.00032301658)
(21.829315 0.00033128704 0.00033138433)
(21.830982 0.00035020876 0.00035029228)
(21.762457 -0.014541145 0.014541359)
(21.776541 0.0022638885 -0.00226368)
(21.791371 0.0010008509 -0.0010006508)
(21.805439 -0.00028468678 0.00028487284)
(21.817027 -0.00038890169 0.00038907216)
(21.824941 -0.00032285145 0.0003230077)
(21.829314 -0.0003312348 0.00033137938)
(21.830982 -0.00035015558 0.00035029064)
(21.762457 -0.014541446 -0.014541172)
(21.776541 0.0022636279 0.0022638966)
(21.791371 0.0010006079 0.0010008669)
(21.80544 -0.00028491301 -0.00028467004)
(21.817027 -0.00038910852 -0.00038888368)
(21.824941 -0.00032303934 -0.00032283144)
(21.829315 -0.00033140689 -0.00033121328)
(21.830982 -0.00035031576 -0.00035013414)
(21.762457 0.014541281 -0.014541176)
(21.776541 -0.0022637527 0.0022638537)
(21.79137 -0.001000727 0.0010008211)
(21.805439 0.00028479375 -0.00028470938)
(21.817026 0.0003889917 -0.00038891904)
(21.824941 0.00032292667 -0.00032286645)
(21.829314 0.00033129767 -0.00033124947)
(21.830982 0.00035020799 -0.00035017109)
(21.830574 0.00038114279 0.00038120983)
(21.826809 0.00043315028 0.00043319941)
(21.820567 0.0004037963 0.00040382869)
(21.81252 0.00020328806 0.00020330507)
(21.80332 0.0004978498 0.00049785317)
(21.793543 0.0029104737 0.0029104655)
(21.783714 0.0042852485 0.0042852311)
(21.774581 -0.028789285 -0.028789308)
(21.830574 -0.00038108732 0.00038121221)
(21.826808 -0.00043309214 0.00043320822)
(21.820567 -0.00040373718 0.00040384616)
(21.81252 -0.00020322873 0.00020333116)
(21.80332 -0.0004977914 0.00049788684)
(21.793543 -0.0029104178 0.0029105052)
(21.783714 -0.0042851966 0.0042852754)
(21.77458 0.028789345 -0.02878927)
(21.830574 -0.00038123598 -0.00038106748)
(21.826809 -0.00043323017 -0.00043307359)
(21.820567 -0.00040386551 -0.00040371885)
(21.81252 -0.00020334837 -0.00020321078)
(21.80332 -0.00049790248 -0.00049777407)
(21.793543 -0.0029105199 -0.0029104014)
(21.783714 -0.0042852897 -0.0042851814)
(21.774581 0.02878926 0.028789363)
(21.830574 0.00038112882 -0.00038110545)
(21.826808 0.00043312382 -0.00043311524)
(21.820566 0.00040376177 -0.00040376712)
(21.81252 0.00020324787 -0.00020326608)
(21.80332 0.00049780639 -0.00049783604)
(21.793542 0.0029104307 -0.00291047)
(21.783714 0.0042852085 -0.0042852554)
(21.77458 -0.028789363 0.028789311)
(21.763771 0.0054372767 0.0054365207)
(21.773342 -0.00051459593 -0.00051535114)
(21.782936 -0.00038014551 -0.00038088856)
(21.791854 4.14353e-06 3.4204635e-06)
(21.799317 0.0001136306 0.00011292999)
(21.804974 0.00014907872 0.0001483989)
(21.809005 0.00019406133 0.00019339965)
(21.811769 0.00024276834 0.00024212306)
(21.763771 -0.0054362987 0.0054373447)
(21.773341 0.00051553006 -0.00051448801)
(21.782935 0.00038105914 -0.00038003156)
(21.791853 -3.2530792e-06 4.2532971e-06)
(21.799317 -0.00011276791 0.00011373746)
(21.804973 -0.00014824345 0.00014918446)
(21.809004 -0.00019325012 0.00019416605)
(21.811769 -0.00024197757 0.00024287068)
(21.76377 -0.0054374404 -0.0054363372)
(21.773341 0.00051442639 0.00051552603)
(21.782935 0.00037997907 0.00038106383)
(21.791853 -4.3037531e-06 -3.2475328e-06)
(21.799316 -0.00011378466 -0.00011276084)
(21.804973 -0.0001492272 -0.00014823394)
(21.809004 -0.00019420483 -0.0001932388)
(21.811768 -0.00024290738 -0.00024196635)
(21.763769 0.0054364083 -0.0054372219)
(21.77334 -0.00051542075 0.00051460758)
(21.782934 -0.00038095374 0.00038015313)
(21.791852 3.3526388e-06 -4.1320877e-06)
(21.799315 0.00011286233 -0.00011361758)
(21.804972 0.00014833379 -0.00014906622)
(21.809003 0.00019333732 -0.00019404947)
(21.811767 0.00024206237 -0.00024275592)
(21.813993 0.00029676534 0.00029613905)
(21.814891 0.00033750259 0.00033689323)
(21.814398 0.00033090756 0.00033031113)
(21.81276 0.00028756639 0.0002869797)
(21.810196 0.0004411019 0.00044052212)
(21.806908 0.0011361383 0.0011355629)
(21.803057 0.0010306053 0.001030032)
(21.798798 -0.011441736 -0.011442309)
(21.813992 -0.00029599692 0.00029686367)
(21.81489 -0.00033675515 0.00033759884)
(21.814397 -0.00033017788 0.00033100445)
(21.812759 -0.00028685094 0.00028766478)
(21.810195 -0.00044039788 0.00044120217)
(21.806907 -0.0011354442 0.0011362408)
(21.803056 -0.0010299187 0.0010307085)
(21.798797 0.011442431 -0.011441646)
(21.813992 -0.00029689945 -0.00029598751)
(21.81489 -0.00033763267 -0.00033674667)
(21.814397 -0.00033103497 -0.00033016865)
(21.812759 -0.00028769209 -0.00028684076)
(21.810195 -0.00044122666 -0.0004403868)
(21.806907 -0.0011362631 -0.0011354324)
(21.803056 -0.0010307296 -0.0010299071)
(21.798797 0.011441627 0.011442444)
(21.813991 0.00029607957 -0.00029675141)
(21.814889 0.00033683701 -0.00033748901)
(21.814396 0.00033026021 -0.00033089669)
(21.812758 0.00028693452 -0.00028755901)
(21.810194 0.00044048346 -0.00044109912)
(21.806905 0.0011355332 -0.0011361429)
(21.803055 0.0010300104 -0.0010306168)
(21.798796 -0.011442364 0.011441759)
)
;

boundaryField
{
    inlet
    {
        type            fixedValue;
        value           uniform (21.804516 0 0);
    }
    outlet
    {
        type            zeroGradient;
    }
    hub
    {
        type            fixedValue;
        value           uniform (0 0 0);
    }
    throat
    {
        type            fixedValue;
        value           uniform (0 0 0);
    }
}


// ************************************************************************* //
