/*--------------------------------*- C++ -*----------------------------------*\
| =========                 |                                                 |
| \\      /  F ield         | OpenFOAM: The Open Source CFD Toolbox           |
|  \\    /   O peration     | Version:  2312                                  |
|   \\  /    A nd           | Website:  www.openfoam.com                      |
|    \\/     M anipulation  |                                                 |
\*---------------------------------------------------------------------------*/
FoamFile
{
    version     2.0;
    format      ascii;
    arch        "LSB;label=32;scalar=64";
    class       surfaceScalarField;
    location    "200";
    object      phi;
}
// * * * * * * * * * * * * * * * * * * * * * * * * * * * * * * * * * * * * * //

dimensions      [0 3 -1 0 0 0 0];

oriented        oriented;

internalField   nonuniform List<scalar> 
500
(
8.0838178e-06
-2.1325426e-11
-9.1565555e-11
0.0047321112
1.3749954e-05
-3.1283012e-12
-7.6631233e-11
0.0050815953
1.6610762e-05
-1.195001e-12
-7.119738e-11
0.0054314667
1.6592153e-05
4.5089395e-13
-6.5306665e-11
0.0057814127
1.4010195e-05
1.9466962e-12
-5.922457e-11
0.006131042
9.4537699e-06
3.2227766e-12
-5.3335776e-11
0.006480083
3.545343e-06
3.8520126e-12
-4.8548608e-11
0.0068285011
2.9240992e-12
-4.5675295e-11
-3.1804813e-06
0.007176385
8.0837237e-06
-6.0357926e-11
0.0047321111
1.3749832e-05
-6.108347e-11
0.0050815952
1.6610621e-05
-5.8020715e-11
0.0054314666
1.6591994e-05
-5.4761795e-11
0.0057814126
1.4010027e-05
-5.1202824e-11
0.006131042
9.4536035e-06
-4.7611233e-11
0.006480083
3.5451787e-06
-4.4681094e-11
0.006828501
-4.2564607e-11
-3.1806451e-06
0.0071763849
8.0836749e-06
-2.464606e-11
0.0047321111
1.3749721e-05
-2.6760906e-11
0.0050815952
1.6610456e-05
-2.6566307e-11
0.0054314666
1.6591784e-05
-2.5138358e-11
0.0057814126
1.400978e-05
-2.3540478e-11
0.0061310419
9.4533283e-06
-2.2072983e-11
0.0064800829
3.5448832e-06
-2.0602681e-11
0.006828501
-1.8849618e-11
-3.1809551e-06
0.0071763849
8.0836861e-06
0.004732111
1.3749739e-05
0.0050815952
1.661048e-05
0.0054314666
1.6591816e-05
0.0057814125
1.4009818e-05
0.0061310419
9.4533673e-06
0.0064800829
3.5449258e-06
0.006828501
-3.1809025e-06
0.0071763849
-1.3983339e-05
-2.6881716e-12
-6.8150537e-11
0.011416041
-2.4130965e-05
-3.7700357e-12
-6.2433699e-11
0.012196285
-3.2216519e-05
-3.1184818e-12
-5.5560053e-11
0.012975122
-3.6911627e-05
-2.1253445e-12
-4.8751401e-11
0.013752631
-3.7032857e-05
-9.9725999e-13
-4.2448105e-11
0.014528956
-3.1565948e-05
2.5006904e-13
-3.6716178e-11
0.015304267
-1.9587725e-05
1.1705146e-12
-3.2669423e-11
0.016078655
-3.4780222e-12
-3.7459563e-11
0.016851944
-1.3983503e-05
-6.0343775e-11
0.011416041
-2.413112e-05
-5.6767224e-11
0.012196285
-3.2216676e-05
-5.2865513e-11
0.012975122
-3.6911755e-05
-4.8765114e-11
0.01375263
-3.7032972e-05
-4.4713952e-11
0.014528956
-3.1566034e-05
-4.1031209e-11
0.015304267
-1.9587809e-05
-3.822851e-11
0.016078655
-3.6691832e-11
0.016851944
-1.3983821e-05
-2.4464835e-11
0.011416041
-2.4131433e-05
-2.1855505e-11
0.012196285
-3.2216973e-05
-2.0447244e-11
0.012975122
-3.6912018e-05
-1.9732463e-11
0.01375263
-3.703319e-05
-1.9415999e-11
0.014528956
-3.1566191e-05
-1.8931221e-11
0.015304267
-1.9587898e-05
-1.8263946e-11
0.016078654
-2.011458e-11
0.016851944
-1.3983761e-05
0.011416041
-2.4131364e-05
0.012196285
-3.2216884e-05
0.012975122
-3.6911933e-05
0.01375263
-3.7033102e-05
0.014528956
-3.1566116e-05
0.015304267
-1.9587818e-05
0.016078654
0.016851944
-8.4096216e-08
-1.3297464e-11
-2.3840332e-11
0.0047321954
-3.6143931e-08
-8.0658811e-12
-1.8576114e-11
0.0050815475
6.3073344e-08
-6.6419721e-12
-1.6571236e-11
0.0054313676
1.7119948e-07
-5.8912246e-12
-1.5339047e-11
0.0057813047
2.7120614e-07
-5.2853651e-12
-1.417167e-11
0.0061309421
3.5551002e-07
-4.6427552e-12
-1.2943541e-11
0.0064799989
4.2260446e-07
-4.1213168e-12
-1.1864536e-11
0.0068284341
-3.9250526e-12
-1.1073943e-11
4.8782959e-07
0.0071763199
-8.4123176e-08
-8.4920424e-12
0.0047321953
-3.6180272e-08
-1.1319233e-11
0.0050815474
6.3032901e-08
-1.1343747e-11
0.0054313675
1.7115691e-07
-1.0859633e-11
0.0057813046
2.7116383e-07
-1.0246259e-11
0.0061309421
3.5546776e-07
-9.7393377e-12
0.0064799988
4.2256721e-07
-9.3077811e-12
0.006828434
-8.7657438e-12
4.8779708e-07
0.0071763198
-8.4115532e-08
-4.3733158e-12
0.0047321953
-3.6179635e-08
-1.4003077e-12
0.0050815474
6.302474e-08
-7.515455e-13
0.0054313675
1.7114098e-07
-5.5357583e-13
0.0057813046
2.7114041e-07
-4.2944153e-13
0.006130942
3.5543787e-07
-2.4308386e-13
0.0064799987
4.2253088e-07
-7.3674781e-14
0.006828434
-2.238053e-14
4.8775607e-07
0.0071763198
-8.4129273e-08
0.0047321953
-3.6194592e-08
0.0050815474
6.3011063e-08
0.0054313675
1.7112989e-07
0.0057813046
2.7113169e-07
0.006130942
3.5543134e-07
0.0064799987
4.2252826e-07
0.006828434
4.8775773e-07
0.0071763198
6.9663685e-07
-6.6544206e-12
-1.5947289e-11
0.011415832
9.1709215e-07
-6.2790597e-12
-1.4504894e-11
0.012196064
1.1320604e-06
-5.6965597e-12
-1.3017857e-11
0.012974907
1.3462225e-06
-5.0603272e-12
-1.1529411e-11
0.013752416
1.5734909e-06
-4.4130181e-12
-1.0067299e-11
0.014528729
1.7922878e-06
-3.9071652e-12
-8.9246122e-12
0.015304048
1.7285022e-06
-4.1931751e-12
-9.522384e-12
0.016078718
-7.4652662e-12
-1.5721845e-11
0.016853673
6.9660638e-07
-1.1351694e-11
0.011415832
9.1706155e-07
-1.0496133e-11
0.012196064
1.1320402e-06
-9.8914686e-12
0.012974907
1.3462053e-06
-9.3683568e-12
0.013752416
1.5734877e-06
-8.896335e-12
0.014528728
1.7922962e-06
-8.4651166e-12
0.015304048
1.7285301e-06
-8.1604859e-12
0.016078718
-7.7497037e-12
0.016853673
6.9656493e-07
-4.5753952e-13
0.011415832
9.1702182e-07
-3.9578143e-13
0.012196064
1.1320039e-06
-2.9572342e-13
0.012974907
1.3461724e-06
-1.8363116e-13
0.013752416
1.5734598e-06
-3.2360105e-14
0.014528728
1.7922735e-06
5.5889505e-14
0.015304048
1.7285156e-06
-5.691266e-13
0.016078718
-3.9548065e-12
0.016853673
6.9656803e-07
0.011415832
9.1702541e-07
0.012196064
1.1320127e-06
0.012974907
1.3461816e-06
0.013752416
1.5734748e-06
0.014528728
1.792292e-06
0.015304048
1.7285412e-06
0.016078718
0.016853673
-3.765617e-06
-5.2086666e-10
1.7584561e-10
-6.4743161e-06
-4.6245673e-10
2.2355396e-10
-7.6720051e-06
-4.4556412e-10
2.3399112e-10
-7.1624175e-06
-4.3822623e-10
2.3242676e-10
-5.0836612e-06
-4.3417436e-10
2.3016154e-10
-1.8110015e-06
-4.299691e-10
2.3149353e-10
2.2305087e-06
-4.264613e-10
2.3543578e-10
-4.2531045e-10
2.406205e-10
6.6734489e-06
-3.7658205e-06
-3.8175611e-10
-6.4745554e-06
-4.4927208e-10
-7.6722431e-06
-4.7142318e-10
-7.1626255e-06
-4.8026033e-10
-5.0838524e-06
-4.8332127e-10
-1.8111705e-06
-4.8513581e-10
2.2303784e-06
-4.8468259e-10
-4.7849737e-10
6.6733756e-06
-3.7655672e-06
-4.7021201e-10
-6.4742827e-06
-4.1197023e-10
-7.6720172e-06
-3.9251991e-10
-7.162479e-06
-3.8120409e-10
-5.0837911e-06
-3.7302053e-10
-1.8112026e-06
-3.6505922e-10
2.2302491e-06
-3.5845539e-10
-3.5512482e-10
6.6731606e-06
-3.7657398e-06
-6.4744691e-06
-7.6721853e-06
-7.1625986e-06
-5.0838775e-06
-1.8112491e-06
2.2302569e-06
6.6732421e-06
1.3462048e-05
-6.4733788e-10
3.6572394e-10
1.9514669e-05
-6.4606313e-10
3.7646864e-10
2.3943126e-05
-6.4376156e-10
3.8474675e-10
2.5928106e-05
-6.4129882e-10
3.9165299e-10
2.4781844e-05
-6.3827122e-10
3.9878493e-10
2.0010809e-05
-6.3617066e-10
4.0361301e-10
1.146359e-05
-6.426494e-10
3.8958129e-10
-6.8990716e-10
2.9787051e-10
1.3461979e-05
-6.8655248e-10
1.9514602e-05
-6.7901798e-10
2.3943133e-05
-6.8043846e-10
2.5928129e-05
-6.8472601e-10
2.4781968e-05
-6.888681e-10
2.0011009e-05
-6.90142e-10
1.1463953e-05
-6.8730822e-10
-6.7293649e-10
1.3461736e-05
-5.4051458e-10
1.9514359e-05
-5.3576481e-10
2.394288e-05
-5.3000625e-10
2.5927884e-05
-5.2450421e-10
2.4781712e-05
-5.1900008e-10
2.0010759e-05
-5.1538576e-10
1.146372e-05
-5.2237694e-10
-5.7764409e-10
1.3461836e-05
1.9514471e-05
2.3943068e-05
2.5928079e-05
2.4781992e-05
2.0011086e-05
1.1464169e-05
)
;

boundaryField
{
    inlet
    {
        type            calculated;
        value           nonuniform List<scalar> 
64
(
-0.0047401949
-0.0050872612
-0.0054343275
-0.0057813938
-0.0061284601
-0.0064755264
-0.0068225927
-0.007169659
-0.0047401949
-0.0050872612
-0.0054343275
-0.0057813938
-0.0061284601
-0.0064755264
-0.0068225927
-0.007169659
-0.0047401949
-0.0050872612
-0.0054343275
-0.0057813938
-0.0061284601
-0.0064755264
-0.0068225927
-0.007169659
-0.0047401949
-0.0050872612
-0.0054343275
-0.0057813938
-0.0061284601
-0.0064755264
-0.0068225927
-0.007169659
-0.011405238
-0.012186137
-0.012967036
-0.013747935
-0.014528834
-0.015309734
-0.016090633
-0.016871532
-0.011405238
-0.012186137
-0.012967036
-0.013747935
-0.014528834
-0.015309734
-0.016090633
-0.016871532
-0.011405238
-0.012186137
-0.012967036
-0.013747935
-0.014528834
-0.015309734
-0.016090633
-0.016871532
-0.011405238
-0.012186137
-0.012967036
-0.013747935
-0.014528834
-0.015309734
-0.016090633
-0.016871532
)
;
    }
    outlet
    {
        type            calculated;
        value           nonuniform List<scalar> 
64
(
0.0047359604
0.0050842565
0.0054325646
0.0057807956
0.0061288627
0.0064767267
0.006824392
0.0071718774
0.0047359603
0.0050842565
0.0054325645
0.0057807956
0.0061288626
0.0064767267
0.006824392
0.0071718773
0.0047359602
0.0050842564
0.0054325644
0.0057807954
0.0061288624
0.0064767265
0.0068243918
0.0071718771
0.0047359603
0.0050842564
0.0054325645
0.0057807955
0.0061288625
0.0064767266
0.0068243919
0.0071718773
0.011409043
0.012190012
0.012970478
0.013750432
0.014529875
0.015308819
0.016087266
0.016865137
0.011409043
0.012190012
0.012970478
0.013750431
0.014529875
0.015308819
0.016087266
0.016865137
0.011409043
0.012190012
0.012970478
0.013750431
0.014529874
0.015308819
0.016087265
0.016865136
0.011409043
0.012190012
0.012970478
0.013750431
0.014529875
0.015308819
0.016087265
0.016865136
)
;
    }
    hub
    {
        type            calculated;
        value           uniform 0;
    }
    throat
    {
        type            calculated;
        value           uniform 0;
    }
}


// ************************************************************************* //
