/*--------------------------------*- C++ -*----------------------------------*\
| =========                 |                                                 |
| \\      /  F ield         | OpenFOAM: The Open Source CFD Toolbox           |
|  \\    /   O peration     | Version:  2312                                  |
|   \\  /    A nd           | Website:  www.openfoam.com                      |
|    \\/     M anipulation  |                                                 |
\*---------------------------------------------------------------------------*/
FoamFile
{
    version     2.0;
    format      ascii;
    arch        "LSB;label=32;scalar=64";
    class       volVectorField;
    location    "200";
    object      U;
}
// * * * * * * * * * * * * * * * * * * * * * * * * * * * * * * * * * * * * * //

dimensions      [0 1 -1 0 0 0 0];

internalField   nonuniform List<vector> 
192
(
(23.999471 0.072348844 0.072348987)
(24.011825 -0.0083890892 -0.0083889481)
(24.022927 -0.0052510639 -0.00525093)
(24.03214 4.8932303e-05 4.9056392e-05)
(24.038994 0.00078550298 0.00078561636)
(24.043462 0.00036922496 0.00036932847)
(24.045994 0.00013118035 0.00013127562)
(24.047122 -2.3639792e-06 -2.2754919e-06)
(23.999471 -0.072348849 0.072348924)
(24.011825 0.0083890721 -0.0083890045)
(24.022926 0.005251044 -0.0052509819)
(24.03214 -4.8952409e-05 4.9008733e-05)
(24.038993 -0.00078552215 0.00078557266)
(24.043462 -0.0003692431 0.00036928861)
(24.045994 -0.000131197 0.00013123915)
(24.047121 2.350122e-06 -2.3092353e-06)
(23.999471 -0.072348966 -0.07234881)
(24.011825 0.0083889587 0.0083891122)
(24.022926 0.0052509389 0.0052510855)
(24.03214 -4.9046686e-05 -4.8910351e-05)
(24.038993 -0.00078560637 -0.00078548124)
(24.043462 -0.00036931906 -0.00036920418)
(24.045993 -0.00013126676 -0.00013116034)
(24.047121 2.2845871e-06 2.3841676e-06)
(23.999471 0.072348921 -0.072348859)
(24.011825 -0.0083890076 0.0083890628)
(24.022926 -0.005250987 0.0052510365)
(24.03214 4.9001429e-05 -4.8957345e-05)
(24.038993 0.00078556421 -0.00078552545)
(24.043462 0.00036927979 -0.00036924564)
(24.045993 0.00013123033 -0.00013119933)
(24.047121 -2.3177423e-06 2.3475359e-06)
(24.047242 -0.00014606784 -0.00014598684)
(24.045619 -0.00033361007 -0.0003335366)
(24.042542 -0.00076115489 -0.0007610883)
(24.038213 -0.0013875259 -0.0013874656)
(24.032797 0.00054511175 0.00054516662)
(24.026373 0.0098493255 0.0098493759)
(24.01902 0.012204347 0.012204394)
(24.011504 -0.12736939 -0.12736934)
(24.047242 0.0001460587 -0.0001460174)
(24.045619 0.00033360394 -0.00033356404)
(24.042542 0.00076115001 -0.00076111272)
(24.038213 0.0013875215 -0.0013874872)
(24.032797 -0.00054511627 0.00054514752)
(24.026372 -0.0098493303 0.0098493588)
(24.01902 -0.012204352 0.012204379)
(24.011504 0.12736939 -0.12736936)
(24.047242 0.0001459967 0.00014608887)
(24.045619 0.00033354607 0.00033363106)
(24.042541 0.00076109623 0.00076117487)
(24.038213 0.0013874715 0.0013875445)
(24.032797 -0.00054516296 -0.00054509501)
(24.026372 -0.0098493746 -0.0098493109)
(24.01902 -0.012204395 -0.012204335)
(24.011504 0.12736935 0.1273694)
(24.047242 -0.00014602537 0.00014605552)
(24.045619 -0.00033357148 0.00033359985)
(24.042541 -0.00076111967 0.00076114492)
(24.038213 -0.0013874939 0.0013875155)
(24.032797 0.00054514105 -0.00054512289)
(24.026372 0.0098493531 -0.009849338)
(24.01902 0.012204375 -0.012204362)
(24.011504 -0.12736937 0.12736938)
(23.993776 0.029105968 0.029106299)
(24.007836 -0.0041744713 -0.0041741421)
(24.022065 -0.0021850087 -0.0021846956)
(24.035029 3.3790439e-05 3.4080647e-05)
(24.045311 0.00025749203 0.00025775723)
(24.052281 0.00013378671 0.00013402876)
(24.056303 0.00012014492 0.00012036717)
(24.058075 0.00014194998 0.00014215502)
(23.993776 -0.029105748 0.029106227)
(24.007836 0.0041745884 -0.0041741236)
(24.022065 0.0021851066 -0.0021846681)
(24.035028 -3.3696719e-05 3.4101526e-05)
(24.04531 -0.00025740455 0.00025777528)
(24.052281 -0.00013370725 0.00013404793)
(24.056302 -0.0001200722 0.00012038849)
(24.058075 -0.00014187957 0.00014217635)
(23.993776 -0.029106261 -0.029105898)
(24.007836 0.0041741345 0.0041744928)
(24.022065 0.0021846915 0.0021850331)
(24.035028 -3.4075936e-05 -3.3759859e-05)
(24.04531 -0.000257748 -0.00025745924)
(24.052281 -0.00013401771 -0.00013375353)
(24.056302 -0.00012035582 -0.00012011201)
(24.058075 -0.00014214383 -0.00014191722)
(23.993776 0.029106216 -0.029105767)
(24.007836 -0.0041741188 0.0041745546)
(24.022065 -0.0021846716 0.0021850816)
(24.035028 3.4091892e-05 -3.3712937e-05)
(24.04531 0.00025776268 -0.00025741549)
(24.052281 0.00013403319 -0.00013371464)
(24.056302 0.00012037242 -0.00012007768)
(24.058075 0.00014216039 -0.00014188517)
(24.058166 0.00018451858 0.00018470366)
(24.055342 0.00024889093 0.00024905721)
(24.050209 0.00021021368 0.00021036368)
(24.043285 -2.1578158e-05 -2.1442577e-05)
(24.035104 0.00047892632 0.00047904968)
(24.026168 0.0039001377 0.0039002512)
(24.016934 0.00581298 0.0058130861)
(24.008 -0.043460641 -0.043460541)
(24.058166 -0.00018444597 0.00018472188)
(24.055342 -0.00024881847 0.00024907393)
(24.050209 -0.00021014617 0.0002103834)
(24.043285 2.1640373e-05 -2.1419398e-05)
(24.035104 -0.00047887005 0.00047907709)
(24.026168 -0.0039000905 0.003900286)
(24.016933 -0.0058129388 0.0058131251)
(24.008 0.04346073 -0.043460549)
(24.058166 -0.00018469206 -0.0001844849)
(24.055342 -0.0002490471 -0.00024885743)
(24.050208 -0.0002103578 -0.00021018267)
(24.043285 2.1443928e-05 2.1606552e-05)
(24.035103 -0.00047905391 -0.00047890183)
(24.026168 -0.0039002648 -0.0039001216)
(24.016933 -0.0058131069 -0.0058129711)
(24.008 0.043460568 0.043460698)
(24.058166 0.00018470683 -0.00018445299)
(24.055342 0.00024905951 -0.00024882744)
(24.050208 0.00021036943 -0.00021015734)
(24.043285 -2.1433532e-05 2.1627464e-05)
(24.035103 0.00047906373 -0.00047888541)
(24.026168 0.0039002778 -0.003900112)
(24.016933 0.0058131223 -0.0058129658)
(24.008 -0.043460604 0.043460755)
(24.013742 0.013268969 0.013268729)
(24.020912 -0.0015475799 -0.0015478156)
(24.0273 -0.0010645652 -0.0010647982)
(24.03261 -0.00018110002 -0.00018133226)
(24.036674 -1.7922831e-05 -1.8155904e-05)
(24.039547 -2.6027581e-05 -2.6262949e-05)
(24.041428 -5.1943961e-08 -2.9090102e-07)
(24.042526 4.6076152e-05 4.5832344e-05)
(24.013742 -0.013268563 0.013269036)
(24.020911 0.0015479484 -0.0015474707)
(24.0273 0.0010649279 -0.0010644467)
(24.03261 0.00018146326 -0.0001809829)
(24.036674 1.8285238e-05 -1.7807362e-05)
(24.039547 2.6388135e-05 -2.5913501e-05)
(24.041428 4.1080724e-07 5.9762025e-08)
(24.042526 -4.571799e-05 4.61831e-05)
(24.013741 -0.013269074 -0.013268644)
(24.020911 0.0015474689 0.0015479028)
(24.0273 0.0010644565 0.0010648914)
(24.032609 0.00018099558 0.00018142638)
(24.036673 1.7823193e-05 1.8248212e-05)
(24.039546 2.5933453e-05 2.6352273e-05)
(24.041427 -3.6370929e-08 3.7599388e-07)
(24.042526 -4.6158806e-05 -4.5753664e-05)
(24.013742 0.013268712 -0.01326891)
(24.020911 -0.0015477928 0.0015476007)
(24.0273 -0.0010647718 0.0010645849)
(24.03261 -0.00018130799 0.00018112511)
(24.036674 -1.8131334e-05 1.7950926e-05)
(24.039547 -2.6236624e-05 2.6056878e-05)
(24.041427 -2.625341e-07 8.1590167e-08)
(24.042526 4.5862531e-05 -4.604656e-05)
(24.043128 0.00010541337 0.00010516257)
(24.042753 0.00015908685 0.0001588301)
(24.041488 0.0001557742 0.0001555133)
(24.039469 9.8221526e-05 9.7957577e-05)
(24.036821 0.00038572009 0.00038545375)
(24.033663 0.0017259482 0.0017256797)
(24.030089 0.0019418579 0.001941587)
(24.026179 -0.019860229 -0.019860503)
(24.043128 -0.00010505457 0.00010551162)
(24.042753 -0.00015872739 0.0001591796)
(24.041487 -0.00015541482 0.00015586525)
(24.039469 -9.786196e-05 9.8312024e-05)
(24.036821 -0.00038536069 0.00038581063)
(24.033663 -0.0017255907 0.0017260397)
(24.030089 -0.0019415018 0.0019419481)
(24.026179 0.019860606 -0.019860164)
(24.043127 -0.00010548909 -0.0001050936)
(24.042752 -0.00015915718 -0.00015876845)
(24.041487 -0.00015584091 -0.00015545585)
(24.039468 -9.8285601e-05 -9.7902661e-05)
(24.036821 -0.0003857823 -0.00038540096)
(24.033662 -0.0017260098 -0.0017256305)
(24.030088 -0.0019419186 -0.0019415427)
(24.026178 0.019860191 0.019860563)
(24.043127 0.00010519382 -0.00010538325)
(24.042753 0.00015886325 -0.00015905671)
(24.041487 0.00015554896 -0.00015574468)
(24.039469 9.7995115e-05 -9.8192126e-05)
(24.036821 0.00038549331 -0.00038569123)
(24.033663 0.0017257237 -0.0017259227)
(24.030089 0.0019416343 -0.0019418351)
(24.026178 -0.019860499 0.019860296)
)
;

boundaryField
{
    inlet
    {
        type            fixedValue;
        value           uniform (24.035062 0 0);
    }
    outlet
    {
        type            zeroGradient;
    }
    hub
    {
        type            fixedValue;
        value           uniform (0 0 0);
    }
    throat
    {
        type            fixedValue;
        value           uniform (0 0 0);
    }
}


// ************************************************************************* //
