# Selection       : patch(inlet)
# Faces           : 1224
# Area            : 4.8296495247e-02
# Time            	sum(phi)
0                 	0.0000000000e+00
1                 	-1.8836483120e-01
2                 	-1.6951453309e-01
3                 	-1.7181089521e-01
4                 	-1.7658630712e-01
5                 	-1.8264896580e-01
6                 	-1.8848002123e-01
7                 	-1.9401937898e-01
8                 	-1.9902210845e-01
9                 	-2.0332204980e-01
10                	-2.0760502338e-01
11                	-2.1244166947e-01
12                	-2.1785637537e-01
13                	-2.2332481527e-01
14                	-2.2849943716e-01
15                	-2.3345135160e-01
16                	-2.3798823169e-01
17                	-2.4217490671e-01
18                	-2.4609102646e-01
19                	-2.4988292394e-01
20                	-2.5362947647e-01
21                	-2.5722521048e-01
22                	-2.6062901923e-01
23                	-2.6379668820e-01
24                	-2.6670009623e-01
25                	-2.6936123244e-01
26                	-2.7183405037e-01
27                	-2.7418690434e-01
28                	-2.7645384325e-01
29                	-2.7862394177e-01
30                	-2.8069780956e-01
31                	-2.8266500893e-01
32                	-2.8451580095e-01
33                	-2.8625454696e-01
34                	-2.8790255528e-01
35                	-2.8947374855e-01
36                	-2.9098216632e-01
37                	-2.9243914075e-01
38                	-2.9383798101e-01
39                	-2.9516578897e-01
40                	-2.9641634590e-01
41                	-2.9758466027e-01
42                	-2.9867313871e-01
43                	-2.9968392276e-01
44                	-3.0061307513e-01
45                	-3.0146042364e-01
46                	-3.0222092130e-01
47                	-3.0288987680e-01
48                	-3.0346647848e-01
49                	-3.0394966469e-01
50                	-3.0434334736e-01
51                	-3.0464941516e-01
52                	-3.0487230267e-01
53                	-3.0501735905e-01
54                	-3.0508951623e-01
55                	-3.0509258470e-01
56                	-3.0503221612e-01
57                	-3.0491342222e-01
58                	-3.0474182918e-01
59                	-3.0452277162e-01
60                	-3.0426230232e-01
61                	-3.0396510619e-01
62                	-3.0363642647e-01
63                	-3.0327908610e-01
64                	-3.0289687576e-01
65                	-3.0249067966e-01
66                	-3.0206265033e-01
67                	-3.0161896415e-01
68                	-3.0116628736e-01
69                	-3.0070842355e-01
70                	-3.0024990355e-01
71                	-2.9979136156e-01
72                	-2.9933699355e-01
73                	-2.9888876933e-01
74                	-2.9844888147e-01
75                	-2.9801778612e-01
76                	-2.9759710189e-01
77                	-2.9718712207e-01
78                	-2.9678711721e-01
79                	-2.9639861264e-01
80                	-2.9602087690e-01
81                	-2.9565435414e-01
82                	-2.9529910366e-01
83                	-2.9495513584e-01
84                	-2.9462358126e-01
85                	-2.9430213776e-01
86                	-2.9399236187e-01
87                	-2.9369364886e-01
88                	-2.9340568324e-01
89                	-2.9312843249e-01
90                	-2.9286153249e-01
91                	-2.9260438217e-01
92                	-2.9235672210e-01
93                	-2.9211841854e-01
94                	-2.9188951489e-01
95                	-2.9166846613e-01
96                	-2.9145567467e-01
97                	-2.9125006401e-01
98                	-2.9105264173e-01
99                	-2.9086238234e-01
100               	-2.9067963954e-01
101               	-2.9050380759e-01
102               	-2.9033524570e-01
103               	-2.9017207134e-01
104               	-2.9001472138e-01
105               	-2.8986330160e-01
106               	-2.8971787020e-01
107               	-2.8957711447e-01
108               	-2.8944149293e-01
109               	-2.8931066311e-01
110               	-2.8918451986e-01
111               	-2.8906226770e-01
112               	-2.8894387198e-01
113               	-2.8882879433e-01
114               	-2.8871710789e-01
115               	-2.8860897444e-01
116               	-2.8850399320e-01
117               	-2.8840157894e-01
118               	-2.8830094132e-01
119               	-2.8820202065e-01
120               	-2.8810547215e-01
121               	-2.8801117225e-01
122               	-2.8791923451e-01
123               	-2.8782889080e-01
124               	-2.8773971602e-01
125               	-2.8765095383e-01
126               	-2.8756331983e-01
127               	-2.8747636479e-01
128               	-2.8739099697e-01
129               	-2.8730614579e-01
130               	-2.8722225461e-01
131               	-2.8713872500e-01
132               	-2.8705632061e-01
133               	-2.8697475172e-01
134               	-2.8689478481e-01
135               	-2.8681552656e-01
136               	-2.8673716149e-01
137               	-2.8665947174e-01
138               	-2.8658328406e-01
139               	-2.8650896750e-01
140               	-2.8643736632e-01
141               	-2.8636827435e-01
142               	-2.8630466610e-01
143               	-2.8624659460e-01
144               	-2.8619695490e-01
145               	-2.8615508765e-01
146               	-2.8612212128e-01
147               	-2.8609749002e-01
148               	-2.8608086040e-01
149               	-2.8607058438e-01
150               	-2.8606572384e-01
151               	-2.8606439596e-01
152               	-2.8606566496e-01
153               	-2.8606766067e-01
154               	-2.8606977739e-01
155               	-2.8607110881e-01
156               	-2.8607142648e-01
157               	-2.8606991863e-01
158               	-2.8606705481e-01
159               	-2.8606228675e-01
160               	-2.8605592234e-01
161               	-2.8604778376e-01
162               	-2.8603839572e-01
163               	-2.8602738843e-01
164               	-2.8601537328e-01
165               	-2.8600228285e-01
166               	-2.8598856964e-01
167               	-2.8597413356e-01
168               	-2.8595931055e-01
169               	-2.8594387344e-01
170               	-2.8592825822e-01
171               	-2.8591219286e-01
172               	-2.8589632566e-01
173               	-2.8588013124e-01
174               	-2.8586395632e-01
175               	-2.8584722800e-01
176               	-2.8583051396e-01
177               	-2.8581335354e-01
178               	-2.8579625436e-01
179               	-2.8577858619e-01
180               	-2.8576075928e-01
181               	-2.8574212139e-01
182               	-2.8572304932e-01
183               	-2.8570298778e-01
184               	-2.8568238930e-01
185               	-2.8566065265e-01
186               	-2.8563803971e-01
187               	-2.8561395813e-01
188               	-2.8558867959e-01
189               	-2.8556175358e-01
190               	-2.8553347248e-01
191               	-2.8550332436e-01
192               	-2.8547149228e-01
193               	-2.8543731017e-01
194               	-2.8540119432e-01
195               	-2.8536253690e-01
196               	-2.8532176853e-01
197               	-2.8527840571e-01
198               	-2.8523275278e-01
199               	-2.8518445363e-01
200               	-2.8513362144e-01
201               	-2.8507995850e-01
202               	-2.8502377521e-01
203               	-2.8496458419e-01
204               	-2.8490252955e-01
205               	-2.8483727643e-01
206               	-2.8476915025e-01
207               	-2.8469766926e-01
208               	-2.8462287840e-01
209               	-2.8454465267e-01
210               	-2.8446324587e-01
211               	-2.8437827293e-01
212               	-2.8428996629e-01
213               	-2.8419802257e-01
214               	-2.8410260206e-01
215               	-2.8400325543e-01
216               	-2.8390025306e-01
217               	-2.8379336632e-01
218               	-2.8368292568e-01
219               	-2.8356853997e-01
220               	-2.8345071123e-01
221               	-2.8332921375e-01
222               	-2.8320432231e-01
223               	-2.8307596478e-01
224               	-2.8294444674e-01
225               	-2.8280912729e-01
226               	-2.8267063081e-01
227               	-2.8252874471e-01
228               	-2.8238387143e-01
229               	-2.8223585712e-01
230               	-2.8208478175e-01
231               	-2.8193070117e-01
232               	-2.8177371186e-01
233               	-2.8161381331e-01
234               	-2.8145145507e-01
235               	-2.8128629378e-01
236               	-2.8111861467e-01
237               	-2.8094823396e-01
238               	-2.8077557412e-01
239               	-2.8060026605e-01
240               	-2.8042306866e-01
241               	-2.8024367480e-01
242               	-2.8006267164e-01
243               	-2.7987973591e-01
244               	-2.7969547930e-01
245               	-2.7950929568e-01
246               	-2.7932155109e-01
247               	-2.7913237313e-01
248               	-2.7894247053e-01
249               	-2.7875096869e-01
250               	-2.7855860078e-01
251               	-2.7836507440e-01
252               	-2.7817047879e-01
253               	-2.7797483096e-01
254               	-2.7777849695e-01
255               	-2.7758119803e-01
256               	-2.7738344622e-01
257               	-2.7718502169e-01
258               	-2.7698617039e-01
259               	-2.7678680330e-01
260               	-2.7658717603e-01
261               	-2.7638708116e-01
262               	-2.7618700508e-01
263               	-2.7598672530e-01
264               	-2.7578659853e-01
265               	-2.7558641404e-01
266               	-2.7538641028e-01
267               	-2.7518658238e-01
268               	-2.7498729256e-01
269               	-2.7478834995e-01
270               	-2.7459001291e-01
271               	-2.7439210655e-01
272               	-2.7419494424e-01
273               	-2.7399821332e-01
274               	-2.7380237629e-01
275               	-2.7360686332e-01
276               	-2.7341190520e-01
277               	-2.7321742568e-01
278               	-2.7302332909e-01
279               	-2.7282953309e-01
280               	-2.7263612115e-01
281               	-2.7244305397e-01
282               	-2.7225056323e-01
283               	-2.7205878720e-01
284               	-2.7186781483e-01
285               	-2.7167726081e-01
286               	-2.7148742174e-01
287               	-2.7129817706e-01
288               	-2.7110985335e-01
289               	-2.7092210650e-01
290               	-2.7073523596e-01
291               	-2.7054921953e-01
292               	-2.7036440738e-01
293               	-2.7018057129e-01
294               	-2.6999784420e-01
295               	-2.6981605805e-01
296               	-2.6963547624e-01
297               	-2.6945590301e-01
298               	-2.6927750607e-01
299               	-2.6910009332e-01
300               	-2.6892382536e-01
301               	-2.6874860024e-01
302               	-2.6857453436e-01
303               	-2.6840152274e-01
304               	-2.6822971364e-01
305               	-2.6805898382e-01
306               	-2.6788945273e-01
307               	-2.6772097852e-01
308               	-2.6755358761e-01
309               	-2.6738721375e-01
310               	-2.6722201533e-01
311               	-2.6705796082e-01
312               	-2.6689508096e-01
313               	-2.6673316308e-01
314               	-2.6657229960e-01
315               	-2.6641235243e-01
316               	-2.6625349430e-01
317               	-2.6609552283e-01
318               	-2.6593851183e-01
319               	-2.6578227409e-01
320               	-2.6562706435e-01
321               	-2.6547264730e-01
322               	-2.6531933004e-01
323               	-2.6516682780e-01
324               	-2.6501525685e-01
325               	-2.6486441946e-01
326               	-2.6471444661e-01
327               	-2.6456510020e-01
328               	-2.6441663907e-01
329               	-2.6426897465e-01
330               	-2.6412227390e-01
331               	-2.6397645403e-01
332               	-2.6383159980e-01
333               	-2.6368750026e-01
334               	-2.6354438183e-01
335               	-2.6340218369e-01
336               	-2.6326105557e-01
337               	-2.6312076681e-01
338               	-2.6298131398e-01
339               	-2.6284260514e-01
340               	-2.6270486572e-01
341               	-2.6256807843e-01
342               	-2.6243238691e-01
343               	-2.6229758965e-01
344               	-2.6216378534e-01
345               	-2.6203066630e-01
346               	-2.6189834549e-01
347               	-2.6176670267e-01
348               	-2.6163603174e-01
349               	-2.6150616868e-01
350               	-2.6137729214e-01
351               	-2.6124902574e-01
352               	-2.6112157588e-01
353               	-2.6099471986e-01
354               	-2.6086870745e-01
355               	-2.6074361495e-01
356               	-2.6061941023e-01
357               	-2.6049581583e-01
358               	-2.6037312310e-01
359               	-2.6025118965e-01
360               	-2.6013039956e-01
361               	-2.6001017915e-01
362               	-2.5989100994e-01
363               	-2.5977227146e-01
364               	-2.5965456879e-01
365               	-2.5953726940e-01
366               	-2.5942100068e-01
367               	-2.5930540907e-01
368               	-2.5919097326e-01
369               	-2.5907747385e-01
370               	-2.5896503156e-01
371               	-2.5885281778e-01
372               	-2.5874140891e-01
373               	-2.5863039347e-01
374               	-2.5852019213e-01
375               	-2.5841026541e-01
376               	-2.5830112290e-01
377               	-2.5819187944e-01
378               	-2.5808324542e-01
379               	-2.5797525485e-01
380               	-2.5786845941e-01
381               	-2.5776205274e-01
382               	-2.5765666549e-01
383               	-2.5755202993e-01
384               	-2.5744860744e-01
385               	-2.5734579606e-01
386               	-2.5724410665e-01
387               	-2.5714325401e-01
388               	-2.5704342057e-01
389               	-2.5694345370e-01
390               	-2.5684401785e-01
391               	-2.5674544686e-01
392               	-2.5664779421e-01
393               	-2.5655044362e-01
394               	-2.5645355267e-01
395               	-2.5635679370e-01
396               	-2.5626056285e-01
397               	-2.5616442079e-01
398               	-2.5606876026e-01
399               	-2.5597362995e-01
400               	-2.5587905329e-01
401               	-2.5578492115e-01
402               	-2.5569127669e-01
403               	-2.5559830562e-01
404               	-2.5550632190e-01
405               	-2.5541481770e-01
406               	-2.5532379391e-01
407               	-2.5523295553e-01
408               	-2.5514320119e-01
409               	-2.5505388018e-01
410               	-2.5496537560e-01
411               	-2.5487727769e-01
412               	-2.5478985551e-01
413               	-2.5470293368e-01
414               	-2.5461694263e-01
415               	-2.5453147857e-01
416               	-2.5444670993e-01
417               	-2.5436248969e-01
418               	-2.5427914688e-01
419               	-2.5419658139e-01
420               	-2.5411493569e-01
421               	-2.5403395569e-01
422               	-2.5395349521e-01
423               	-2.5387376179e-01
424               	-2.5379490056e-01
425               	-2.5371650457e-01
426               	-2.5363866930e-01
427               	-2.5356142289e-01
428               	-2.5348482126e-01
429               	-2.5340857565e-01
430               	-2.5333284015e-01
431               	-2.5325748439e-01
432               	-2.5318251844e-01
433               	-2.5310795236e-01
434               	-2.5303368897e-01
435               	-2.5295957245e-01
436               	-2.5288560292e-01
437               	-2.5281180209e-01
438               	-2.5273799566e-01
439               	-2.5266441017e-01
440               	-2.5259100714e-01
441               	-2.5251773990e-01
442               	-2.5244480197e-01
443               	-2.5237251031e-01
444               	-2.5230063053e-01
445               	-2.5222900043e-01
446               	-2.5215761888e-01
447               	-2.5208652757e-01
448               	-2.5201560790e-01
449               	-2.5194495547e-01
450               	-2.5187487186e-01
451               	-2.5180493480e-01
452               	-2.5173496839e-01
453               	-2.5166508730e-01
454               	-2.5159541880e-01
455               	-2.5152622266e-01
456               	-2.5145753729e-01
457               	-2.5138934690e-01
458               	-2.5132150418e-01
459               	-2.5125408429e-01
460               	-2.5118709291e-01
461               	-2.5112038294e-01
462               	-2.5105405795e-01
463               	-2.5098814151e-01
464               	-2.5092255993e-01
465               	-2.5085737912e-01
466               	-2.5079252939e-01
467               	-2.5072815225e-01
468               	-2.5066426803e-01
469               	-2.5060076139e-01
470               	-2.5053755424e-01
471               	-2.5047469360e-01
472               	-2.5041224394e-01
473               	-2.5035012538e-01
474               	-2.5028814091e-01
475               	-2.5022631630e-01
476               	-2.5016483000e-01
477               	-2.5010358883e-01
478               	-2.5004273175e-01
479               	-2.4998226836e-01
480               	-2.4992226697e-01
481               	-2.4986253587e-01
482               	-2.4980295518e-01
483               	-2.4974369372e-01
484               	-2.4968489327e-01
485               	-2.4962656935e-01
486               	-2.4956871038e-01
487               	-2.4951127407e-01
488               	-2.4945415381e-01
489               	-2.4939729720e-01
490               	-2.4934088723e-01
491               	-2.4928469984e-01
492               	-2.4922875665e-01
493               	-2.4917306355e-01
494               	-2.4911749750e-01
495               	-2.4906208371e-01
496               	-2.4900677826e-01
497               	-2.4895165952e-01
498               	-2.4889665043e-01
499               	-2.4884189676e-01
500               	-2.4878722742e-01
