# Selection       : patch(outlet)
# Faces           : 1218
# Area            : 4.8296495247e-02
# Time            	sum(phi)
0                 	0.0000000000e+00
1                 	1.8807441901e-01
2                 	1.6917271337e-01
3                 	1.7188947243e-01
4                 	1.7687807546e-01
5                 	1.8319929272e-01
6                 	1.8888308980e-01
7                 	1.9434007046e-01
8                 	1.9923388383e-01
9                 	2.0341563748e-01
10                	2.0768110606e-01
11                	2.1257670627e-01
12                	2.1805153845e-01
13                	2.2355007684e-01
14                	2.2874508512e-01
15                	2.3369213244e-01
16                	2.3820132307e-01
17                	2.4237853737e-01
18                	2.4628825536e-01
19                	2.5008081088e-01
20                	2.5382899696e-01
21                	2.5742776397e-01
22                	2.6084050514e-01
23                	2.6401254695e-01
24                	2.6691228946e-01
25                	2.6956843772e-01
26                	2.7203997954e-01
27                	2.7439636667e-01
28                	2.7666138763e-01
29                	2.7883020530e-01
30                	2.8090531357e-01
31                	2.8287438243e-01
32                	2.8472362820e-01
33                	2.8645969299e-01
34                	2.8810584242e-01
35                	2.8967562573e-01
36                	2.9118269228e-01
37                	2.9263971626e-01
38                	2.9403794425e-01
39                	2.9536366841e-01
40                	2.9661279895e-01
41                	2.9777953973e-01
42                	2.9887143408e-01
43                	2.9988032579e-01
44                	3.0080950775e-01
45                	3.0165683362e-01
46                	3.0241711717e-01
47                	3.0308616881e-01
48                	3.0366252579e-01
49                	3.0414588512e-01
50                	3.0453966491e-01
51                	3.0484591226e-01
52                	3.0506899859e-01
53                	3.0521429324e-01
54                	3.0528663308e-01
55                	3.0528989916e-01
56                	3.0522960754e-01
57                	3.0511093974e-01
58                	3.0493939307e-01
59                	3.0472035044e-01
60                	3.0445995272e-01
61                	3.0416305171e-01
62                	3.0383462111e-01
63                	3.0347736048e-01
64                	3.0309525806e-01
65                	3.0268933188e-01
66                	3.0226053957e-01
67                	3.0181719290e-01
68                	3.0136467297e-01
69                	3.0090716725e-01
70                	3.0044890058e-01
71                	2.9999065481e-01
72                	2.9953666536e-01
73                	2.9908886578e-01
74                	2.9864941209e-01
75                	2.9821880520e-01
76                	2.9779856495e-01
77                	2.9738898850e-01
78                	2.9698929873e-01
79                	2.9660106268e-01
80                	2.9622354105e-01
81                	2.9585713108e-01
82                	2.9550191205e-01
83                	2.9515803803e-01
84                	2.9482637531e-01
85                	2.9450503605e-01
86                	2.9419528300e-01
87                	2.9389665882e-01
88                	2.9360856103e-01
89                	2.9333128800e-01
90                	2.9306427582e-01
91                	2.9280709545e-01
92                	2.9255940000e-01
93                	2.9232105554e-01
94                	2.9209205190e-01
95                	2.9187091794e-01
96                	2.9165802436e-01
97                	2.9145237169e-01
98                	2.9125481029e-01
99                	2.9106447492e-01
100               	2.9088170314e-01
101               	2.9070585069e-01
102               	2.9053667340e-01
103               	2.9037362546e-01
104               	2.9021662938e-01
105               	2.9006517091e-01
106               	2.8991917054e-01
107               	2.8977842343e-01
108               	2.8964286920e-01
109               	2.8951207845e-01
110               	2.8938591462e-01
111               	2.8926370397e-01
112               	2.8914533389e-01
113               	2.8903026941e-01
114               	2.8891860798e-01
115               	2.8881045816e-01
116               	2.8870551425e-01
117               	2.8860325396e-01
118               	2.8850287997e-01
119               	2.8840409629e-01
120               	2.8830762577e-01
121               	2.8821329891e-01
122               	2.8812139146e-01
123               	2.8803098436e-01
124               	2.8794172823e-01
125               	2.8785300795e-01
126               	2.8776534108e-01
127               	2.8767841092e-01
128               	2.8759294142e-01
129               	2.8750805303e-01
130               	2.8742406177e-01
131               	2.8734050160e-01
132               	2.8725798911e-01
133               	2.8717639280e-01
134               	2.8709623147e-01
135               	2.8701685702e-01
136               	2.8693833730e-01
137               	2.8686051207e-01
138               	2.8678415727e-01
139               	2.8670966669e-01
140               	2.8663795544e-01
141               	2.8656878650e-01
142               	2.8650513629e-01
143               	2.8644710213e-01
144               	2.8639743231e-01
145               	2.8635552898e-01
146               	2.8632255984e-01
147               	2.8629798825e-01
148               	2.8628150031e-01
149               	2.8627139594e-01
150               	2.8626674306e-01
151               	2.8626564163e-01
152               	2.8626705922e-01
153               	2.8626916396e-01
154               	2.8627135210e-01
155               	2.8627276679e-01
156               	2.8627309186e-01
157               	2.8627159741e-01
158               	2.8626873036e-01
159               	2.8626398260e-01
160               	2.8625761207e-01
161               	2.8624946990e-01
162               	2.8624005799e-01
163               	2.8622903066e-01
164               	2.8621699419e-01
165               	2.8620386151e-01
166               	2.8619014716e-01
167               	2.8617565408e-01
168               	2.8616076135e-01
169               	2.8614526345e-01
170               	2.8612958153e-01
171               	2.8611348998e-01
172               	2.8609756898e-01
173               	2.8608135512e-01
174               	2.8606513950e-01
175               	2.8604840042e-01
176               	2.8603165104e-01
177               	2.8601449116e-01
178               	2.8599739289e-01
179               	2.8597971686e-01
180               	2.8596177115e-01
181               	2.8594312710e-01
182               	2.8592405032e-01
183               	2.8590398005e-01
184               	2.8588336768e-01
185               	2.8586161478e-01
186               	2.8583900453e-01
187               	2.8581492120e-01
188               	2.8578965242e-01
189               	2.8576273719e-01
190               	2.8573446997e-01
191               	2.8570429988e-01
192               	2.8567246224e-01
193               	2.8563827154e-01
194               	2.8560216658e-01
195               	2.8556371577e-01
196               	2.8552295322e-01
197               	2.8547959393e-01
198               	2.8543395183e-01
199               	2.8538560708e-01
200               	2.8533477239e-01
201               	2.8528114156e-01
202               	2.8522496446e-01
203               	2.8516573773e-01
204               	2.8510370110e-01
205               	2.8503847322e-01
206               	2.8497033242e-01
207               	2.8489875558e-01
208               	2.8482396403e-01
209               	2.8474574682e-01
210               	2.8466435338e-01
211               	2.8457938286e-01
212               	2.8449107648e-01
213               	2.8439912894e-01
214               	2.8430370760e-01
215               	2.8420435662e-01
216               	2.8410134631e-01
217               	2.8399445463e-01
218               	2.8388399508e-01
219               	2.8376959648e-01
220               	2.8365177432e-01
221               	2.8353037254e-01
222               	2.8340538856e-01
223               	2.8327702917e-01
224               	2.8314550481e-01
225               	2.8301031386e-01
226               	2.8287166307e-01
227               	2.8272976214e-01
228               	2.8258498205e-01
229               	2.8243697938e-01
230               	2.8228599194e-01
231               	2.8213175041e-01
232               	2.8197477212e-01
233               	2.8181487312e-01
234               	2.8165263061e-01
235               	2.8148743631e-01
236               	2.8131977900e-01
237               	2.8114943235e-01
238               	2.8097663709e-01
239               	2.8080148518e-01
240               	2.8062429554e-01
241               	2.8044488281e-01
242               	2.8026380595e-01
243               	2.8008096241e-01
244               	2.7989670750e-01
245               	2.7971051836e-01
246               	2.7952266886e-01
247               	2.7933346355e-01
248               	2.7914359250e-01
249               	2.7895209069e-01
250               	2.7875972602e-01
251               	2.7856620313e-01
252               	2.7837153542e-01
253               	2.7817590261e-01
254               	2.7797961801e-01
255               	2.7778230986e-01
256               	2.7758461113e-01
257               	2.7738609368e-01
258               	2.7718724916e-01
259               	2.7698795810e-01
260               	2.7678824651e-01
261               	2.7658814617e-01
262               	2.7638806926e-01
263               	2.7618777218e-01
264               	2.7598765671e-01
265               	2.7578747366e-01
266               	2.7558759571e-01
267               	2.7538776917e-01
268               	2.7518845886e-01
269               	2.7498951218e-01
270               	2.7479110837e-01
271               	2.7459320302e-01
272               	2.7439602068e-01
273               	2.7419943523e-01
274               	2.7400351156e-01
275               	2.7380798132e-01
276               	2.7361310233e-01
277               	2.7341848880e-01
278               	2.7322440820e-01
279               	2.7303059473e-01
280               	2.7283718460e-01
281               	2.7264414446e-01
282               	2.7245167154e-01
283               	2.7225990224e-01
284               	2.7206892739e-01
285               	2.7187841607e-01
286               	2.7168856868e-01
287               	2.7149934803e-01
288               	2.7131099778e-01
289               	2.7112325085e-01
290               	2.7093636864e-01
291               	2.7075035634e-01
292               	2.7056552928e-01
293               	2.7038169774e-01
294               	2.7019896574e-01
295               	2.7001719919e-01
296               	2.6983662031e-01
297               	2.6965705715e-01
298               	2.6947865335e-01
299               	2.6930125109e-01
300               	2.6912497740e-01
301               	2.6894975395e-01
302               	2.6877568674e-01
303               	2.6860268185e-01
304               	2.6843087892e-01
305               	2.6826015485e-01
306               	2.6809062063e-01
307               	2.6792213905e-01
308               	2.6775473969e-01
309               	2.6758833427e-01
310               	2.6742319157e-01
311               	2.6725910788e-01
312               	2.6709622418e-01
313               	2.6693432039e-01
314               	2.6677343369e-01
315               	2.6661349854e-01
316               	2.6645466822e-01
317               	2.6629669982e-01
318               	2.6613965784e-01
319               	2.6598343602e-01
320               	2.6582821969e-01
321               	2.6567381214e-01
322               	2.6552049518e-01
323               	2.6536801655e-01
324               	2.6521641395e-01
325               	2.6506563880e-01
326               	2.6491561213e-01
327               	2.6476627789e-01
328               	2.6461781217e-01
329               	2.6447016895e-01
330               	2.6432346603e-01
331               	2.6417764788e-01
332               	2.6403281203e-01
333               	2.6388874928e-01
334               	2.6374564728e-01
335               	2.6360344118e-01
336               	2.6346231490e-01
337               	2.6332199656e-01
338               	2.6318253337e-01
339               	2.6304379063e-01
340               	2.6290605664e-01
341               	2.6276927014e-01
342               	2.6263358140e-01
343               	2.6249879381e-01
344               	2.6236498587e-01
345               	2.6223185128e-01
346               	2.6209949847e-01
347               	2.6196788721e-01
348               	2.6183725441e-01
349               	2.6170737058e-01
350               	2.6157847779e-01
351               	2.6145021883e-01
352               	2.6132277041e-01
353               	2.6119591625e-01
354               	2.6106989927e-01
355               	2.6094482190e-01
356               	2.6082061321e-01
357               	2.6069701216e-01
358               	2.6057428585e-01
359               	2.6045235199e-01
360               	2.6033154097e-01
361               	2.6021137413e-01
362               	2.6009219805e-01
363               	2.5997346782e-01
364               	2.5985575800e-01
365               	2.5973852347e-01
366               	2.5962225317e-01
367               	2.5950665911e-01
368               	2.5939224442e-01
369               	2.5927873350e-01
370               	2.5916625775e-01
371               	2.5905395445e-01
372               	2.5894254808e-01
373               	2.5883162633e-01
374               	2.5872137605e-01
375               	2.5861144647e-01
376               	2.5850229463e-01
377               	2.5839305595e-01
378               	2.5828443447e-01
379               	2.5817645099e-01
380               	2.5806962636e-01
381               	2.5796324188e-01
382               	2.5785784412e-01
383               	2.5775322006e-01
384               	2.5764979135e-01
385               	2.5754698682e-01
386               	2.5744530728e-01
387               	2.5734446244e-01
388               	2.5724462940e-01
389               	2.5714463247e-01
390               	2.5704521429e-01
391               	2.5694657596e-01
392               	2.5684899710e-01
393               	2.5675166370e-01
394               	2.5665475234e-01
395               	2.5655800513e-01
396               	2.5646177175e-01
397               	2.5636565110e-01
398               	2.5626997739e-01
399               	2.5617481172e-01
400               	2.5608018013e-01
401               	2.5598608292e-01
402               	2.5589242375e-01
403               	2.5579950700e-01
404               	2.5570749424e-01
405               	2.5561602651e-01
406               	2.5552502104e-01
407               	2.5543415481e-01
408               	2.5534440942e-01
409               	2.5525509256e-01
410               	2.5516656365e-01
411               	2.5507846953e-01
412               	2.5499106274e-01
413               	2.5490413657e-01
414               	2.5481813476e-01
415               	2.5473267487e-01
416               	2.5464788906e-01
417               	2.5456371394e-01
418               	2.5448035126e-01
419               	2.5439778752e-01
420               	2.5431614047e-01
421               	2.5423514664e-01
422               	2.5415472051e-01
423               	2.5407499090e-01
424               	2.5399615423e-01
425               	2.5391774355e-01
426               	2.5383988571e-01
427               	2.5376262645e-01
428               	2.5368600162e-01
429               	2.5360979850e-01
430               	2.5353407608e-01
431               	2.5345872209e-01
432               	2.5338373875e-01
433               	2.5330916509e-01
434               	2.5323487304e-01
435               	2.5316079594e-01
436               	2.5308683605e-01
437               	2.5301304802e-01
438               	2.5293921957e-01
439               	2.5286565110e-01
440               	2.5279224572e-01
441               	2.5271898020e-01
442               	2.5264604256e-01
443               	2.5257372441e-01
444               	2.5250182910e-01
445               	2.5243021751e-01
446               	2.5235883702e-01
447               	2.5228775511e-01
448               	2.5221681879e-01
449               	2.5214617643e-01
450               	2.5207606140e-01
451               	2.5200608550e-01
452               	2.5193615508e-01
453               	2.5186631734e-01
454               	2.5179661099e-01
455               	2.5172735958e-01
456               	2.5165869767e-01
457               	2.5159051326e-01
458               	2.5152272121e-01
459               	2.5145529218e-01
460               	2.5138829043e-01
461               	2.5132159066e-01
462               	2.5125524373e-01
463               	2.5118929069e-01
464               	2.5112378637e-01
465               	2.5105854048e-01
466               	2.5099368198e-01
467               	2.5092937041e-01
468               	2.5086544287e-01
469               	2.5080195016e-01
470               	2.5073873834e-01
471               	2.5067588267e-01
472               	2.5061341253e-01
473               	2.5055131865e-01
474               	2.5048936297e-01
475               	2.5042753274e-01
476               	2.5036602859e-01
477               	2.5030479576e-01
478               	2.5024395586e-01
479               	2.5018347855e-01
480               	2.5012345926e-01
481               	2.5006371655e-01
482               	2.5000412748e-01
483               	2.4994491056e-01
484               	2.4988612223e-01
485               	2.4982782447e-01
486               	2.4976993255e-01
487               	2.4971250288e-01
488               	2.4965535840e-01
489               	2.4959852298e-01
490               	2.4954210097e-01
491               	2.4948594210e-01
492               	2.4943000347e-01
493               	2.4937430245e-01
494               	2.4931873695e-01
495               	2.4926329845e-01
496               	2.4920803492e-01
497               	2.4915285474e-01
498               	2.4909787747e-01
499               	2.4904313939e-01
500               	2.4898846123e-01
