
 stresses (elem, integ.pnt.,sxx,syy,szz,sxy,sxz,syz) for set ALL and time  0.1000000E+01

         1   1  7.108500E+01  7.108500E+01  8.526513E-14 -1.201560E+00  9.720827E+00  9.720827E+00
         1   2  7.108500E+01  7.108500E+01 -1.421085E-13 -1.201560E+00 -1.749749E+01  7.776662E+00
         1   3  7.108500E+01  7.108500E+01 -5.684342E-14 -1.201560E+00  7.776662E+00 -1.749749E+01
         1   4 -3.697578E+01 -3.697578E+01  1.421085E-14 -5.089891E+00 -5.706327E-15  1.426582E-15

 stresses (elem, integ.pnt.,sxx,syy,szz,sxy,sxz,syz) for set ALL and time  0.2000000E+01

         1   1  1.342665E-13  8.861591E-14  1.342665E-13  9.146165E-14 -1.809374E-14 -1.055671E-13
         1   2 -7.720325E-14 -5.437794E-14 -2.255678E-13 -8.734223E-14  1.302708E-13  4.422404E-14
         1   3 -2.081131E-14 -1.349379E-13 -1.121125E-13  1.489050E-14 -2.560736E-14  4.422404E-14
         1   4 -1.453435E-13 -1.795815E-13 -7.686758E-14 -2.495581E-14  2.042397E-14  4.279745E-15
