/*--------------------------------*- C++ -*----------------------------------*\
| =========                 |                                                 |
| \\      /  F ield         | OpenFOAM: The Open Source CFD Toolbox           |
|  \\    /   O peration     | Version:  2312                                  |
|   \\  /    A nd           | Website:  www.openfoam.com                      |
|    \\/     M anipulation  |                                                 |
\*---------------------------------------------------------------------------*/
FoamFile
{
    version     2.0;
    format      ascii;
    arch        "LSB;label=32;scalar=64";
    class       surfaceScalarField;
    location    "200";
    object      phi;
}
// * * * * * * * * * * * * * * * * * * * * * * * * * * * * * * * * * * * * * //

dimensions      [0 3 -1 0 0 0 0];

oriented        oriented;

internalField   nonuniform List<scalar> 
500
(
7.4252656e-06
-8.2859925e-12
-2.1160089e-11
0.0052383055
1.2322779e-05
-5.8080684e-12
-1.6675513e-11
0.0057022168
1.4229283e-05
-4.956351e-12
-1.4505572e-11
0.0061665914
1.3089983e-05
-4.4360162e-12
-1.3090203e-11
0.0066310209
9.3110511e-06
-4.2198694e-12
-1.2108349e-11
0.0070950441
3.5577184e-06
-3.9621307e-12
-1.0780925e-11
0.0075584021
-3.5105976e-06
-3.7797444e-12
-9.3913835e-12
0.0080211007
-3.7348026e-12
-8.1743643e-12
-1.1335276e-05
0.0084832407
7.4252482e-06
-2.0922982e-11
0.0052383055
1.2322757e-05
-2.1964811e-11
0.0057022168
1.4229258e-05
-2.2181924e-11
0.0061665914
1.3089956e-05
-2.1150925e-11
0.0066310209
9.311022e-06
-1.9799223e-11
0.0070950441
3.5576893e-06
-1.8503161e-11
0.0075584021
-3.5106259e-06
-1.7360206e-11
0.0080211007
-1.6304996e-11
-1.1335303e-05
0.0084832407
7.4252394e-06
-1.8139611e-11
0.0052383055
1.2322731e-05
-1.4119734e-11
0.0057022168
1.4229213e-05
-1.311606e-11
0.0061665914
1.3089895e-05
-1.2298511e-11
0.0066310209
9.3109473e-06
-1.167659e-11
0.0070950441
3.5576034e-06
-1.0972509e-11
0.0075584021
-3.5107205e-06
-1.0393569e-11
0.0080211007
-1.010751e-11
-1.1335403e-05
0.0084832407
7.4252095e-06
0.0052383055
1.2322686e-05
0.0057022168
1.4229157e-05
0.0061665914
1.3089831e-05
0.0066310209
9.310877e-06
0.0070950441
3.5575296e-06
0.0075584021
-3.5107944e-06
0.0080211006
-1.1335476e-05
0.0084832407
-2.3606626e-05
-5.6834489e-12
-1.0551611e-11
0.013590489
-3.487078e-05
-5.9591719e-12
-7.6947067e-12
0.014627595
-4.3545477e-05
-6.3532976e-12
-4.6452139e-12
0.015663119
-4.811567e-05
-6.8084949e-12
-1.5933159e-12
0.016697127
-4.7214034e-05
-7.1264967e-12
1.6131298e-12
0.017729768
-3.9651559e-05
-6.7763348e-12
5.7775004e-12
0.01876122
-2.4338497e-05
-6.1794385e-12
9.6268601e-12
0.019791583
-8.3087389e-12
6.6229153e-12
0.02082067
-2.360665e-05
-2.2458661e-11
0.013590489
-3.4870801e-05
-2.0679583e-11
0.014627595
-4.3545493e-05
-1.9102533e-11
0.015663119
-4.8115682e-05
-1.7499754e-11
0.016697127
-4.721404e-05
-1.5614263e-11
0.017729768
-3.9651559e-05
-1.3202409e-11
0.01876122
-2.4338494e-05
-1.0354516e-11
0.019791583
-8.7331796e-12
0.02082067
-2.3606754e-05
-1.5544844e-11
0.013590489
-3.4870903e-05
-1.5253046e-11
0.014627595
-4.3545589e-05
-1.498668e-11
0.015663119
-4.8115767e-05
-1.4834101e-11
0.016697127
-4.7214112e-05
-1.4596061e-11
0.017729768
-3.9651612e-05
-1.3721401e-11
0.01876122
-2.4338524e-05
-1.2683484e-11
0.019791583
-1.5485229e-11
0.02082067
-2.3606824e-05
0.013590489
-3.4870967e-05
0.014627595
-4.3545645e-05
0.015663119
-4.8115812e-05
0.016697127
-4.7214144e-05
0.017729768
-3.965163e-05
0.01876122
-2.4338528e-05
0.019791583
0.02082067
-6.7547666e-08
-4.314947e-12
-9.6085503e-12
0.005238373
-1.4647927e-08
-1.2298225e-12
-4.1626765e-12
0.0057021638
8.9719803e-08
-5.9882429e-13
-2.9702662e-12
0.006166487
2.0132532e-07
-5.4908484e-13
-2.8176902e-12
0.0066309091
3.0231312e-07
-5.3847109e-13
-2.6724074e-12
0.0070949429
3.8701219e-07
-5.0161175e-13
-2.4262458e-12
0.0075583171
4.5616719e-07
-4.778287e-13
-2.174418e-12
0.0080210312
-4.6917447e-13
-1.9446444e-12
5.262162e-07
0.0084831703
-6.7562504e-08
-3.614149e-12
0.005238373
-1.466582e-08
-3.8974523e-12
0.0057021638
8.9701694e-08
-3.8413503e-12
0.006166487
2.0130684e-07
-3.5411992e-12
0.0066309091
3.022948e-07
-3.2301053e-12
0.0070949429
3.8699408e-07
-2.9704937e-12
0.0075583171
4.5614992e-07
-2.7633363e-12
0.0080210312
-2.5944835e-12
5.2619971e-07
0.0084831703
-6.7559413e-08
-5.1895201e-12
0.005238373
-1.4665815e-08
-2.3917034e-12
0.0057021638
8.9697705e-08
-1.8245388e-12
0.0061664869
2.0129941e-07
-1.7353121e-12
0.0066309091
3.0228469e-07
-1.6666962e-12
0.0070949429
3.8698183e-07
-1.5718894e-12
0.0075583171
4.5613603e-07
-1.4945075e-12
0.0080210312
-1.4449058e-12
5.2618459e-07
0.0084831703
-6.7575026e-08
0.005238373
-1.4685722e-08
0.0057021638
8.9676354e-08
0.0061664869
2.0127669e-07
0.0066309091
3.0226131e-07
0.0070949429
3.8695815e-07
0.0075583171
4.5611277e-07
0.0080210312
5.2616199e-07
0.0084831703
7.4987817e-07
-6.9879356e-13
-2.5487323e-12
0.013590265
9.938822e-07
-7.1846048e-13
-2.0356517e-12
0.014627351
1.2411806e-06
-7.4861738e-13
-1.5097484e-12
0.015662871
1.4986807e-06
-7.6507592e-13
-9.4873148e-13
0.016696869
1.7853032e-06
-7.1501591e-13
-2.6214876e-13
0.017729481
2.0741556e-06
-6.9905088e-13
2.5501118e-13
0.018760931
2.0329219e-06
-1.3872071e-12
-1.0715325e-12
0.019791624
-4.6694098e-12
-8.8459285e-12
0.020822703
7.4986446e-07
-3.6326051e-12
0.013590265
9.9387143e-07
-3.368102e-12
0.014627351
1.2411732e-06
-3.1361853e-12
0.015662871
1.4986772e-06
-2.9096796e-12
0.016696869
1.7853043e-06
-2.6524132e-12
0.017729481
2.0741621e-06
-2.3818401e-12
0.018760931
2.0329312e-06
-2.3003588e-12
0.019791624
-3.1308423e-12
0.020822703
7.498479e-07
-2.1414793e-12
0.013590265
9.9385416e-07
-2.0727236e-12
0.014627351
1.2411559e-06
-2.0109941e-12
0.015662871
1.4986607e-06
-1.9396194e-12
0.016696869
1.785289e-06
-1.8002794e-12
0.017729481
2.0741488e-06
-1.7087003e-12
0.018760931
2.0329218e-06
-2.427927e-12
0.019791624
-6.1478028e-12
0.020822703
7.498277e-07
0.013590265
9.9383705e-07
0.014627351
1.2411424e-06
0.015662871
1.4986521e-06
0.016696869
1.7852861e-06
0.017729481
2.0741527e-06
0.018760931
2.0329302e-06
0.019791624
0.020822703
-3.5965212e-06
-6.5849481e-10
3.3193468e-10
-6.0023538e-06
-5.9470433e-10
4.3149503e-10
-6.6925462e-06
-5.7800244e-10
4.5576585e-10
-5.4840536e-06
-5.7049804e-10
4.5898212e-10
-2.5934056e-06
-5.6517381e-10
4.5987874e-10
1.5245968e-06
-5.6041258e-10
4.6289277e-10
6.4089995e-06
-5.5685985e-10
4.6651557e-10
-5.5458198e-10
4.6950925e-10
1.1666291e-05
-3.5968536e-06
-6.2978273e-10
-6.0027722e-06
-6.485291e-10
-6.6929894e-06
-6.5168907e-10
-5.4845064e-06
-6.4598916e-10
-2.5938616e-06
-6.3931395e-10
1.5241478e-06
-6.340898e-10
6.4085661e-06
-6.3009961e-10
-6.2615756e-10
1.1665879e-05
-3.5967273e-06
-6.7849558e-10
-6.0026731e-06
-6.2189139e-10
-6.6929511e-06
-6.074202e-10
-5.4845269e-06
-6.0076639e-10
-2.5939344e-06
-5.9603429e-10
1.5240288e-06
-5.9175344e-10
6.4084055e-06
-5.8851068e-10
-5.8636353e-10
1.1665685e-05
-3.5970686e-06
-6.0031209e-06
-6.6934451e-06
-5.4850502e-06
-2.5944785e-06
1.5234764e-06
6.4078558e-06
1.1665147e-05
1.9574034e-05
-8.3090846e-10
7.0734736e-10
2.6504395e-05
-8.2945744e-10
7.1560074e-10
3.1432217e-05
-8.290808e-10
7.2517162e-10
3.3391457e-05
-8.2880388e-10
7.3581399e-10
3.1551852e-05
-8.2724963e-10
7.4873319e-10
2.5298566e-05
-8.2596533e-10
7.5822987e-10
1.4428388e-05
-8.3566156e-10
7.3635557e-10
-8.889559e-10
6.0908322e-10
1.9573656e-05
-9.2947998e-10
2.6504065e-05
-9.262452e-10
3.1431952e-05
-9.2593997e-10
3.3391275e-05
-9.2618794e-10
3.1551776e-05
-9.2523114e-10
2.5298613e-05
-9.2236015e-10
1.4428522e-05
-9.2023777e-10
-9.2952751e-10
1.9573435e-05
-8.7856131e-10
2.650383e-05
-8.7691817e-10
3.143171e-05
-8.7620086e-10
3.3391036e-05
-8.7539253e-10
3.1551545e-05
-8.7301121e-10
2.5298402e-05
-8.7085927e-10
1.4428364e-05
-8.8123759e-10
-9.4098578e-10
1.9572921e-05
2.6503362e-05
3.1431313e-05
3.3390735e-05
3.1551372e-05
2.5298383e-05
1.4428468e-05
)
;

boundaryField
{
    inlet
    {
        type            calculated;
        value           nonuniform List<scalar> 
64
(
-0.0052457305
-0.005707114
-0.0061684976
-0.0066298811
-0.0070912647
-0.0075526483
-0.0080140318
-0.0084754154
-0.0052457305
-0.005707114
-0.0061684976
-0.0066298811
-0.0070912647
-0.0075526483
-0.0080140318
-0.0084754154
-0.0052457305
-0.005707114
-0.0061684976
-0.0066298811
-0.0070912647
-0.0075526483
-0.0080140318
-0.0084754154
-0.0052457305
-0.005707114
-0.0061684976
-0.0066298811
-0.0070912647
-0.0075526483
-0.0080140318
-0.0084754154
-0.013578217
-0.01461633
-0.015654443
-0.016692556
-0.017730669
-0.018768782
-0.019806895
-0.020845008
-0.013578217
-0.01461633
-0.015654443
-0.016692556
-0.017730669
-0.018768782
-0.019806895
-0.020845008
-0.013578217
-0.01461633
-0.015654443
-0.016692556
-0.017730669
-0.018768782
-0.019806895
-0.020845008
-0.013578217
-0.01461633
-0.015654443
-0.016692556
-0.017730669
-0.018768782
-0.019806895
-0.020845008
)
;
    }
    outlet
    {
        type            calculated;
        value           nonuniform List<scalar> 
64
(
0.0052419695
0.0057045694
0.0061671769
0.0066297001
0.0070920521
0.0075541988
0.0080161467
0.0084779127
0.0052419695
0.0057045693
0.0061671769
0.0066297001
0.0070920521
0.0075541987
0.0080161467
0.0084779126
0.0052419694
0.0057045693
0.0061671769
0.0066297001
0.007092052
0.0075541986
0.0080161466
0.0084779126
0.0052419694
0.0057045692
0.0061671768
0.0066297
0.0070920519
0.0075541986
0.0080161465
0.0084779124
0.013582357
0.01462042
0.015657943
0.01669491
0.017731321
0.018767184
0.019802494
0.020837131
0.013582357
0.01462042
0.015657943
0.01669491
0.017731321
0.018767184
0.019802494
0.020837131
0.013582357
0.01462042
0.015657943
0.01669491
0.01773132
0.018767184
0.019802493
0.020837131
0.013582357
0.01462042
0.015657943
0.016694909
0.01773132
0.018767184
0.019802493
0.020837131
)
;
    }
    hub
    {
        type            calculated;
        value           uniform 0;
    }
    throat
    {
        type            calculated;
        value           uniform 0;
    }
}


// ************************************************************************* //
