/*--------------------------------*- C++ -*----------------------------------*\
| =========                 |                                                 |
| \\      /  F ield         | OpenFOAM: The Open Source CFD Toolbox           |
|  \\    /   O peration     | Version:  2312                                  |
|   \\  /    A nd           | Website:  www.openfoam.com                      |
|    \\/     M anipulation  |                                                 |
\*---------------------------------------------------------------------------*/
FoamFile
{
    version     2.0;
    format      ascii;
    arch        "LSB;label=32;scalar=64";
    class       volVectorField;
    location    "200";
    object      U;
}
// * * * * * * * * * * * * * * * * * * * * * * * * * * * * * * * * * * * * * //

dimensions      [0 1 -1 0 0 0 0];

internalField   nonuniform List<vector> 
192
(
(21.777641 0.063854819 0.063854836)
(21.787963 -0.0076316342 -0.0076316178)
(21.797112 -0.0046614514 -0.0046614362)
(21.804477 -3.0102744e-05 -3.0088868e-05)
(21.809704 0.0005625208 0.00056253319)
(21.812925 0.00019490846 0.00019491938)
(21.814618 -1.0712211e-05 -1.0702698e-05)
(21.815235 -0.00012478274 -0.00012477457)
(21.777641 -0.063854812 0.063854837)
(21.787963 0.0076316396 -0.0076316155)
(21.797112 0.0046614563 -0.0046614329)
(21.804477 3.0107659e-05 -3.0085976e-05)
(21.809704 -0.00056251605 0.00056253579)
(21.812925 -0.00019490402 0.000194922)
(21.814618 1.0716487e-05 -1.0699971e-05)
(21.815235 0.00012478702 -0.00012477173)
(21.777641 -0.063854843 -0.06385481)
(21.787963 0.0076316114 0.0076316426)
(21.797112 0.0046614296 0.0046614601)
(21.804477 3.0083189e-05 3.0111714e-05)
(21.809704 -0.00056253816 -0.00056251183)
(21.812925 -0.00019492401 -0.00019489971)
(21.814618 1.0698235e-05 1.0720829e-05)
(21.815235 0.00012477014 0.00012479129)
(21.777641 0.063854827 -0.063854817)
(21.787963 -0.0076316248 0.007631634)
(21.797112 -0.0046614424 0.0046614506)
(21.804477 -3.0095849e-05 3.0102885e-05)
(21.809704 0.00056252592 -0.00056252011)
(21.812925 0.00019491235 -0.00019490776)
(21.814618 -1.0709444e-05 1.071288e-05)
(21.815235 -0.00012478111 0.00012478342)
(21.815016 -0.00024266682 -0.00024266029)
(21.813382 -0.00039285465 -0.00039285005)
(21.810609 -0.00075872343 -0.00075872079)
(21.806851 -0.0013011253 -0.0013011246)
(21.802232 0.00047201972 0.00047201839)
(21.796797 0.0088837887 0.0088837854)
(21.790604 0.010943504 0.010943499)
(21.78434 -0.11519212 -0.11519213)
(21.815016 0.00024267121 -0.00024265727)
(21.813382 0.00039285931 -0.00039284661)
(21.810609 0.00075872841 -0.00075871677)
(21.806851 0.0013011306 -0.00130112)
(21.802232 -0.00047201396 0.0004720233)
(21.796797 -0.0088837831 0.0088837908)
(21.790604 -0.0109435 0.010943505)
(21.78434 0.11519213 -0.11519213)
(21.815016 0.00024265573 0.00024267532)
(21.813382 0.00039284511 0.00039286318)
(21.810609 0.0007587153 0.00075873204)
(21.806851 0.0013011185 0.001301134)
(21.802232 -0.00047202489 -0.00047201087)
(21.796797 -0.0088837925 -0.0088837803)
(21.790604 -0.010943507 -0.010943497)
(21.78434 0.11519213 0.11519213)
(21.815016 -0.00024266661 0.00024266751)
(21.813382 -0.00039285593 0.00039285516)
(21.810609 -0.00075872606 0.0007587236)
(21.806851 -0.0013011293 0.0013011251)
(21.802232 0.00047201402 -0.00047202001)
(21.796797 0.0088837821 -0.0088837899)
(21.790604 0.010943499 -0.010943508)
(21.78434 -0.11519214 0.11519212)
(21.773465 0.02842686 0.028426926)
(21.785508 -0.0043123601 -0.0043122988)
(21.797564 -0.0020680036 -0.0020679469)
(21.808223 7.9650216e-05 7.970191e-05)
(21.816264 0.00025337651 0.00025342302)
(21.821377 0.00013300215 0.00013304368)
(21.824073 0.00012208389 0.0001221208)
(21.824987 0.0001424301 0.00014246272)
(21.773465 -0.028426797 0.028426879)
(21.785508 0.0043123697 -0.0043122937)
(21.797564 0.0020680151 -0.0020679441)
(21.808223 -7.9637151e-05 7.9700629e-05)
(21.816264 -0.00025336442 0.00025342085)
(21.821377 -0.00013299118 0.00013304191)
(21.824073 -0.00012207344 0.00012211977)
(21.824987 -0.00014241979 0.00014246265)
(21.773465 -0.028426901 -0.028426797)
(21.785508 0.0043122823 0.0043123801)
(21.797564 0.0020679346 0.0020680272)
(21.808223 -7.970882e-05 -7.9624428e-05)
(21.816264 -0.0002534278 -0.00025335126)
(21.821377 -0.0001330478 -0.00013297782)
(21.824073 -0.00012212486 -0.00012206011)
(21.824987 -0.00014246713 -0.00014240665)
(21.773465 0.028426819 -0.028426776)
(21.785508 -0.0043123162 0.0043123558)
(21.797564 -0.0020679699 0.0020680051)
(21.808223 7.9672775e-05 -7.9641988e-05)
(21.816264 0.00025339345 -0.00025336705)
(21.821377 0.00013301538 -0.0001329931)
(21.824073 0.00012209381 -0.00012207531)
(21.824987 0.00014243701 -0.00014242202)
(21.824449 0.00018241496 0.00018244247)
(21.821478 0.00024613938 0.0002461612)
(21.816667 0.00021548403 0.0002155004)
(21.810437 -5.8945317e-06 -5.8833889e-06)
(21.803218 0.00043926219 0.00043926836)
(21.795421 0.0036672523 0.0036672537)
(21.78743 0.0056445896 0.0056445865)
(21.779789 -0.040581599 -0.040581607)
(21.824449 -0.00018240464 0.00018244386)
(21.821478 -0.00024612889 0.00024616484)
(21.816667 -0.00021547311 0.00021550638)
(21.810437 5.9060206e-06 -5.8751975e-06)
(21.803218 -0.0004392509 0.00043927914)
(21.795421 -0.003667244 0.003667269)
(21.78743 -0.0056445844 0.0056446054)
(21.779789 0.040581647 -0.040581629)
(21.824449 -0.00018244778 -0.00018239183)
(21.821478 -0.0002461683 -0.0002461166)
(21.816667 -0.00021550958 -0.00021546142)
(21.810437 5.8720904e-06 5.917045e-06)
(21.803218 -0.00043928254 -0.00043924082)
(21.795421 -0.0036672735 -0.0036672356)
(21.78743 -0.0056446105 -0.0056445771)
(21.779789 0.040581638 0.040581668)
(21.824449 0.00018241853 -0.00018240774)
(21.821478 0.00024613996 -0.00024613388)
(21.816667 0.00021548189 -0.0002154804)
(21.810437 -5.8993256e-06 5.8963425e-06)
(21.803218 0.00043925654 -0.00043926385)
(21.795421 0.0036672518 -0.0036672633)
(21.78743 0.005644593 -0.0056446086)
(21.779789 -0.040581703 0.040581684)
(21.789045 0.012692603 0.012692332)
(21.794846 -0.0014923589 -0.0014926327)
(21.79989 -0.00098175421 -0.00098202938)
(21.803961 -0.00013887567 -0.00013915153)
(21.806975 1.49836e-05 1.4706979e-05)
(21.809027 8.4239164e-06 8.1462549e-06)
(21.810301 3.1852503e-05 3.1573632e-05)
(21.810972 7.2356429e-05 7.2076419e-05)
(21.789045 -0.012692239 0.01269263)
(21.794846 0.0014926964 -0.0014923083)
(21.79989 0.0009820896 -0.00098170435)
(21.803961 0.00013920945 -0.00013883017)
(21.806975 -1.465249e-05 1.5026054e-05)
(21.809026 -8.0952553e-06 8.4642656e-06)
(21.810301 -3.1525552e-05 3.1891128e-05)
(21.810972 -7.2030634e-05 7.239345e-05)
(21.789044 -0.012692653 -0.012692246)
(21.794846 0.0014922948 0.0014926992)
(21.799889 0.0009816932 0.00098209521)
(21.803961 0.00013881965 0.00013921605)
(21.806975 -1.5035952e-05 -1.4644988e-05)
(21.809026 -8.4734946e-06 -8.0868935e-06)
(21.810301 -3.1899838e-05 -3.1516562e-05)
(21.810972 -7.2401959e-05 -7.2021409e-05)
(21.789044 0.012692275 -0.012692562)
(21.794846 -0.0014926492 0.0014923589)
(21.799889 -0.00098204601 0.00098175395)
(21.803961 -0.00013917125 0.00013887813)
(21.806975 1.4686628e-05 -1.4980781e-05)
(21.809026 8.126317e-06 -8.4217e-06)
(21.8103 3.1554187e-05 -3.1850889e-05)
(21.810972 7.2057389e-05 -7.2355263e-05)
(21.811218 0.00012337281 0.00012309155)
(21.810672 0.00016727456 0.00016699124)
(21.809443 0.00015806327 0.00015777767)
(21.80764 9.9789473e-05 9.9501617e-05)
(21.805362 0.00036516668 0.00036487667)
(21.802703 0.0016076264 0.0016073344)
(21.799733 0.0017900723 0.0017897782)
(21.796504 -0.018496065 -0.018496361)
(21.811218 -0.0001230481 0.00012340799)
(21.810672 -0.0001669501 0.00016730836)
(21.809443 -0.00015773865 0.00015809631)
(21.807639 -9.9464507e-05 9.9821919e-05)
(21.805362 -0.00036484183 0.00036519878)
(21.802703 -0.0016073032 0.0016076589)
(21.799733 -0.001789751 0.001790104)
(21.796504 0.018496405 -0.018496055)
(21.811218 -0.00012341654 -0.00012303894)
(21.810672 -0.0001673169 -0.00016694097)
(21.809443 -0.00015810465 -0.00015772939)
(21.807639 -9.9830093e-05 -9.9455164e-05)
(21.805361 -0.00036520697 -0.00036483261)
(21.802703 -0.0016076675 -0.0016072945)
(21.799733 -0.0017901127 -0.0017897425)
(21.796504 0.018496052 0.01849642)
(21.811218 0.00012307306 -0.00012337216)
(21.810671 0.00016697375 -0.00016727486)
(21.809442 0.00015776147 -0.00015806479)
(21.807639 9.9486759e-05 -9.9792255e-05)
(21.805361 0.00036486403 -0.00036517157)
(21.802702 0.0016073267 -0.0016076361)
(21.799732 0.0017897743 -0.0017900855)
(21.796504 -0.018496411 0.018496098)
)
;

boundaryField
{
    inlet
    {
        type            fixedValue;
        value           uniform (21.804516 0 0);
    }
    outlet
    {
        type            zeroGradient;
    }
    hub
    {
        type            fixedValue;
        value           uniform (0 0 0);
    }
    throat
    {
        type            fixedValue;
        value           uniform (0 0 0);
    }
}


// ************************************************************************* //
