# Selection       : patch(inlet)
# Faces           : 1224
# Area            : 4.8296495247e-02
# Time            	sum(phi)
0                 	0.0000000000e+00
1                 	-1.7338732322e-01
2                 	-1.6101855656e-01
3                 	-1.6322202967e-01
4                 	-1.6983195045e-01
5                 	-1.7724341721e-01
6                 	-1.8375165030e-01
7                 	-1.8970319268e-01
8                 	-1.9436834060e-01
9                 	-1.9839745453e-01
10                	-2.0252166968e-01
11                	-2.0722914881e-01
12                	-2.1253228136e-01
13                	-2.1798131659e-01
14                	-2.2325949689e-01
15                	-2.2813809225e-01
16                	-2.3250941608e-01
17                	-2.3652076232e-01
18                	-2.4033893822e-01
19                	-2.4414309029e-01
20                	-2.4799470997e-01
21                	-2.5185570892e-01
22                	-2.5559938940e-01
23                	-2.5916125922e-01
24                	-2.6250145560e-01
25                	-2.6563758037e-01
26                	-2.6863126831e-01
27                	-2.7154403605e-01
28                	-2.7441844044e-01
29                	-2.7725917762e-01
30                	-2.8004445843e-01
31                	-2.8274825276e-01
32                	-2.8535502389e-01
33                	-2.8786372866e-01
34                	-2.9029820639e-01
35                	-2.9267575570e-01
36                	-2.9501339948e-01
37                	-2.9732164508e-01
38                	-2.9959917493e-01
39                	-3.0183993809e-01
40                	-3.0403755273e-01
41                	-3.0618934460e-01
42                	-3.0829827867e-01
43                	-3.1036960017e-01
44                	-3.1240678843e-01
45                	-3.1440931010e-01
46                	-3.1637789694e-01
47                	-3.1831095418e-01
48                	-3.2020338466e-01
49                	-3.2204940756e-01
50                	-3.2384403828e-01
51                	-3.2558341076e-01
52                	-3.2726581633e-01
53                	-3.2888929445e-01
54                	-3.3045143400e-01
55                	-3.3194856612e-01
56                	-3.3337816942e-01
57                	-3.3473673079e-01
58                	-3.3602344521e-01
59                	-3.3723755677e-01
60                	-3.3838004506e-01
61                	-3.3945196535e-01
62                	-3.4045541409e-01
63                	-3.4139267060e-01
64                	-3.4226656495e-01
65                	-3.4307987680e-01
66                	-3.4383697697e-01
67                	-3.4454171708e-01
68                	-3.4519702463e-01
69                	-3.4580692446e-01
70                	-3.4637493828e-01
71                	-3.4690416684e-01
72                	-3.4739784399e-01
73                	-3.4785829966e-01
74                	-3.4828890499e-01
75                	-3.4869080396e-01
76                	-3.4906625031e-01
77                	-3.4941784905e-01
78                	-3.4974816864e-01
79                	-3.5006003546e-01
80                	-3.5035562106e-01
81                	-3.5063652121e-01
82                	-3.5090408479e-01
83                	-3.5115950666e-01
84                	-3.5140452546e-01
85                	-3.5164026520e-01
86                	-3.5186860074e-01
87                	-3.5209034294e-01
88                	-3.5230613622e-01
89                	-3.5251654304e-01
90                	-3.5272222335e-01
91                	-3.5292378848e-01
92                	-3.5312130543e-01
93                	-3.5331534682e-01
94                	-3.5350617902e-01
95                	-3.5369397997e-01
96                	-3.5387895656e-01
97                	-3.5406140411e-01
98                	-3.5424135758e-01
99                	-3.5441896898e-01
100               	-3.5459440537e-01
101               	-3.5476774495e-01
102               	-3.5493906515e-01
103               	-3.5510928278e-01
104               	-3.5527877083e-01
105               	-3.5544703738e-01
106               	-3.5561367333e-01
107               	-3.5578027095e-01
108               	-3.5594731258e-01
109               	-3.5611437013e-01
110               	-3.5628131533e-01
111               	-3.5644849863e-01
112               	-3.5661630106e-01
113               	-3.5678408156e-01
114               	-3.5695197840e-01
115               	-3.5712027929e-01
116               	-3.5728918942e-01
117               	-3.5745850291e-01
118               	-3.5762823787e-01
119               	-3.5779806546e-01
120               	-3.5796794162e-01
121               	-3.5813775125e-01
122               	-3.5830742754e-01
123               	-3.5847678193e-01
124               	-3.5864570016e-01
125               	-3.5881413556e-01
126               	-3.5898194154e-01
127               	-3.5914891290e-01
128               	-3.5931474995e-01
129               	-3.5947937332e-01
130               	-3.5964236633e-01
131               	-3.5980378309e-01
132               	-3.5996300043e-01
133               	-3.6012016427e-01
134               	-3.6027456378e-01
135               	-3.6042629369e-01
136               	-3.6057520617e-01
137               	-3.6072131129e-01
138               	-3.6086460354e-01
139               	-3.6100504010e-01
140               	-3.6114246907e-01
141               	-3.6127675444e-01
142               	-3.6140775787e-01
143               	-3.6153532675e-01
144               	-3.6165929984e-01
145               	-3.6177962572e-01
146               	-3.6189629663e-01
147               	-3.6200908372e-01
148               	-3.6211795895e-01
149               	-3.6222313252e-01
150               	-3.6232478534e-01
151               	-3.6242286099e-01
152               	-3.6251735840e-01
153               	-3.6260817149e-01
154               	-3.6269527819e-01
155               	-3.6277862156e-01
156               	-3.6285803749e-01
157               	-3.6293361127e-01
158               	-3.6300527824e-01
159               	-3.6307307613e-01
160               	-3.6313714948e-01
161               	-3.6319771661e-01
162               	-3.6325485188e-01
163               	-3.6330881623e-01
164               	-3.6335967308e-01
165               	-3.6340758506e-01
166               	-3.6345260670e-01
167               	-3.6349480301e-01
168               	-3.6353410588e-01
169               	-3.6357066223e-01
170               	-3.6360440185e-01
171               	-3.6363536461e-01
172               	-3.6366359249e-01
173               	-3.6368922096e-01
174               	-3.6371231597e-01
175               	-3.6373301963e-01
176               	-3.6375139741e-01
177               	-3.6376755665e-01
178               	-3.6378157041e-01
179               	-3.6379353724e-01
180               	-3.6380344331e-01
181               	-3.6381142665e-01
182               	-3.6381751899e-01
183               	-3.6382182641e-01
184               	-3.6382431968e-01
185               	-3.6382506086e-01
186               	-3.6382403766e-01
187               	-3.6382132357e-01
188               	-3.6381691625e-01
189               	-3.6381086531e-01
190               	-3.6380318748e-01
191               	-3.6379395734e-01
192               	-3.6378316220e-01
193               	-3.6377084717e-01
194               	-3.6375700312e-01
195               	-3.6374167380e-01
196               	-3.6372480894e-01
197               	-3.6370640655e-01
198               	-3.6368643162e-01
199               	-3.6366491683e-01
200               	-3.6364179519e-01
201               	-3.6361705069e-01
202               	-3.6359062785e-01
203               	-3.6356252533e-01
204               	-3.6353265432e-01
205               	-3.6350103554e-01
206               	-3.6346757405e-01
207               	-3.6343227828e-01
208               	-3.6339508050e-01
209               	-3.6335596904e-01
210               	-3.6331486234e-01
211               	-3.6327175045e-01
212               	-3.6322655470e-01
213               	-3.6317927058e-01
214               	-3.6312986075e-01
215               	-3.6307838775e-01
216               	-3.6302469884e-01
217               	-3.6296894592e-01
218               	-3.6291101528e-01
219               	-3.6285093351e-01
220               	-3.6278862515e-01
221               	-3.6272414967e-01
222               	-3.6265744301e-01
223               	-3.6258854021e-01
224               	-3.6251739717e-01
225               	-3.6244404028e-01
226               	-3.6236848691e-01
227               	-3.6229080242e-01
228               	-3.6221099646e-01
229               	-3.6212914161e-01
230               	-3.6204521803e-01
231               	-3.6195928322e-01
232               	-3.6187130043e-01
233               	-3.6178138210e-01
234               	-3.6168950525e-01
235               	-3.6159583662e-01
236               	-3.6150035829e-01
237               	-3.6140312325e-01
238               	-3.6130414856e-01
239               	-3.6120352074e-01
240               	-3.6110128630e-01
241               	-3.6099751760e-01
242               	-3.6089225276e-01
243               	-3.6078552516e-01
244               	-3.6067741019e-01
245               	-3.6056800256e-01
246               	-3.6045734383e-01
247               	-3.6034551508e-01
248               	-3.6023264008e-01
249               	-3.6011874428e-01
250               	-3.6000376450e-01
251               	-3.5988786680e-01
252               	-3.5977107727e-01
253               	-3.5965352883e-01
254               	-3.5953518088e-01
255               	-3.5941607583e-01
256               	-3.5929632689e-01
257               	-3.5917597333e-01
258               	-3.5905506694e-01
259               	-3.5893366954e-01
260               	-3.5881177370e-01
261               	-3.5868937899e-01
262               	-3.5856666470e-01
263               	-3.5844361919e-01
264               	-3.5832016387e-01
265               	-3.5819636682e-01
266               	-3.5807226411e-01
267               	-3.5794798973e-01
268               	-3.5782359355e-01
269               	-3.5769908091e-01
270               	-3.5757434762e-01
271               	-3.5744951388e-01
272               	-3.5732465796e-01
273               	-3.5719987733e-01
274               	-3.5707512779e-01
275               	-3.5695046402e-01
276               	-3.5682573109e-01
277               	-3.5670113234e-01
278               	-3.5657661183e-01
279               	-3.5645232526e-01
280               	-3.5632839629e-01
281               	-3.5620469353e-01
282               	-3.5608115442e-01
283               	-3.5595780555e-01
284               	-3.5583460753e-01
285               	-3.5571168340e-01
286               	-3.5558894705e-01
287               	-3.5546644425e-01
288               	-3.5534412982e-01
289               	-3.5522213475e-01
290               	-3.5510043926e-01
291               	-3.5497906567e-01
292               	-3.5485797775e-01
293               	-3.5473719215e-01
294               	-3.5461663987e-01
295               	-3.5449637734e-01
296               	-3.5437642505e-01
297               	-3.5425686256e-01
298               	-3.5413757134e-01
299               	-3.5401865666e-01
300               	-3.5390003667e-01
