# Selection       : patch(outlet)
# Faces           : 1218
# Area            : 4.8296495247e-02
# Time            	sum(phi)
0                 	0.0000000000e+00
1                 	1.7435713375e-01
2                 	1.6209893560e-01
3                 	1.6447254883e-01
4                 	1.7124470483e-01
5                 	1.7877658531e-01
6                 	1.8522599025e-01
7                 	1.9109956649e-01
8                 	1.9565879099e-01
9                 	1.9963058776e-01
10                	2.0378316521e-01
11                	2.0852546383e-01
12                	2.1388677391e-01
13                	2.1934654827e-01
14                	2.2463234774e-01
15                	2.2949188586e-01
16                	2.3384560204e-01
17                	2.3783922676e-01
18                	2.4165627102e-01
19                	2.4545545363e-01
20                	2.4932517556e-01
21                	2.5320022496e-01
22                	2.5694548706e-01
23                	2.6050375439e-01
24                	2.6383729226e-01
25                	2.6696459423e-01
26                	2.6995241672e-01
27                	2.7286733847e-01
28                	2.7574580449e-01
29                	2.7859480918e-01
30                	2.8138219363e-01
31                	2.8408525883e-01
32                	2.8669050814e-01
33                	2.8919749399e-01
34                	2.9162705801e-01
35                	2.9400312436e-01
36                	2.9634351551e-01
37                	2.9865557258e-01
38                	3.0093357822e-01
39                	3.0317429738e-01
40                	3.0537201513e-01
41                	3.0752283998e-01
42                	3.0962871737e-01
43                	3.1169843997e-01
44                	3.1373561814e-01
45                	3.1573832110e-01
46                	3.1770701423e-01
47                	3.1963998526e-01
48                	3.2153214798e-01
49                	3.2337891916e-01
50                	3.2517335903e-01
51                	3.2691244670e-01
52                	3.2859480921e-01
53                	3.3021990893e-01
54                	3.3178207599e-01
55                	3.3327920525e-01
56                	3.3470803871e-01
57                	3.3606660128e-01
58                	3.3735329363e-01
59                	3.3856740716e-01
60                	3.3970990459e-01
61                	3.4078186529e-01
62                	3.4178536337e-01
63                	3.4272272430e-01
64                	3.4359669604e-01
65                	3.4441078273e-01
66                	3.4516795182e-01
67                	3.4587156391e-01
68                	3.4652696535e-01
69                	3.4713707859e-01
70                	3.4770519810e-01
71                	3.4823455258e-01
72                	3.4872836455e-01
73                	3.4918951802e-01
74                	3.4961931197e-01
75                	3.5002139925e-01
76                	3.5039707665e-01
77                	3.5074894137e-01
78                	3.5107949998e-01
79                	3.5139153767e-01
80                	3.5168725388e-01
81                	3.5196828501e-01
82                	3.5223596727e-01
83                	3.5249150907e-01
84                	3.5273662070e-01
85                	3.5297246544e-01
86                	3.5320087672e-01
87                	3.5342261891e-01
88                	3.5363840584e-01
89                	3.5384882838e-01
90                	3.5405454059e-01
91                	3.5425567138e-01
92                	3.5445357601e-01
93                	3.5464750954e-01
94                	3.5483836617e-01
95                	3.5502617446e-01
96                	3.5521117716e-01
97                	3.5539364681e-01
98                	3.5557359389e-01
99                	3.5575118375e-01
100               	3.5592661530e-01
101               	3.5609994972e-01
102               	3.5627126252e-01
103               	3.5644153519e-01
104               	3.5661108433e-01
105               	3.5677918942e-01
106               	3.5694591472e-01
107               	3.5711268405e-01
108               	3.5727962317e-01
109               	3.5744660995e-01
110               	3.5761348695e-01
111               	3.5778074155e-01
112               	3.5794843433e-01
113               	3.5811621355e-01
114               	3.5828409764e-01
115               	3.5845237862e-01
116               	3.5862126920e-01
117               	3.5879056179e-01
118               	3.5896026121e-01
119               	3.5913009061e-01
120               	3.5929995868e-01
121               	3.5946973492e-01
122               	3.5963934494e-01
123               	3.5980866557e-01
124               	3.5997755740e-01
125               	3.6014598114e-01
126               	3.6031377793e-01
127               	3.6048076291e-01
128               	3.6064660870e-01
129               	3.6081123554e-01
130               	3.6097422385e-01
131               	3.6113562621e-01
132               	3.6129484562e-01
133               	3.6145200652e-01
134               	3.6160642556e-01
135               	3.6175819013e-01
136               	3.6190712843e-01
137               	3.6205324467e-01
138               	3.6219654235e-01
139               	3.6233697878e-01
140               	3.6247440438e-01
141               	3.6260869121e-01
142               	3.6273969445e-01
143               	3.6286726767e-01
144               	3.6299126523e-01
145               	3.6311158822e-01
146               	3.6322823787e-01
147               	3.6334100068e-01
148               	3.6344986869e-01
149               	3.6355503565e-01
150               	3.6365667952e-01
151               	3.6375477046e-01
152               	3.6384927650e-01
153               	3.6394008184e-01
154               	3.6402716703e-01
155               	3.6411052739e-01
156               	3.6418995516e-01
157               	3.6426553024e-01
158               	3.6433720036e-01
159               	3.6440503337e-01
160               	3.6446914293e-01
161               	3.6452967561e-01
162               	3.6458681597e-01
163               	3.6464075575e-01
164               	3.6469160003e-01
165               	3.6473950637e-01
166               	3.6478452067e-01
167               	3.6482671723e-01
168               	3.6486608979e-01
169               	3.6490261400e-01
170               	3.6493632872e-01
171               	3.6496730583e-01
172               	3.6499552672e-01
173               	3.6502115114e-01
174               	3.6504423776e-01
175               	3.6506493860e-01
176               	3.6508333188e-01
177               	3.6509951198e-01
178               	3.6511350107e-01
179               	3.6512545155e-01
180               	3.6513536253e-01
181               	3.6514335509e-01
182               	3.6514944867e-01
183               	3.6515375003e-01
184               	3.6515623265e-01
185               	3.6515698889e-01
186               	3.6515596428e-01
187               	3.6515323916e-01
188               	3.6514881555e-01
189               	3.6514275590e-01
190               	3.6513507904e-01
191               	3.6512583975e-01
192               	3.6511501872e-01
193               	3.6510268138e-01
194               	3.6508884339e-01
195               	3.6507348822e-01
196               	3.6505657184e-01
197               	3.6503813325e-01
198               	3.6501813278e-01
199               	3.6499658121e-01
200               	3.6497341915e-01
201               	3.6494863291e-01
202               	3.6492218411e-01
203               	3.6489405624e-01
204               	3.6486416936e-01
205               	3.6483252429e-01
206               	3.6479904923e-01
207               	3.6476373907e-01
208               	3.6472652293e-01
209               	3.6468740403e-01
210               	3.6464629677e-01
211               	3.6460318186e-01
212               	3.6455794670e-01
213               	3.6451067040e-01
214               	3.6446128391e-01
215               	3.6440978370e-01
216               	3.6435611767e-01
217               	3.6430036414e-01
218               	3.6424243319e-01
219               	3.6418235978e-01
220               	3.6412005398e-01
221               	3.6405556648e-01
222               	3.6398885508e-01
223               	3.6391997191e-01
224               	3.6384881631e-01
225               	3.6377547789e-01
226               	3.6369992187e-01
227               	3.6362223963e-01
228               	3.6354244150e-01
229               	3.6346058826e-01
230               	3.6337664609e-01
231               	3.6329070634e-01
232               	3.6320275213e-01
233               	3.6311281650e-01
234               	3.6302096469e-01
235               	3.6292729579e-01
236               	3.6283181455e-01
237               	3.6273459134e-01
238               	3.6263560847e-01
239               	3.6253496548e-01
240               	3.6243272418e-01
241               	3.6232897970e-01
242               	3.6222370275e-01
243               	3.6211699734e-01
244               	3.6200887982e-01
245               	3.6189946973e-01
246               	3.6178881745e-01
247               	3.6167699618e-01
248               	3.6156411163e-01
249               	3.6145020193e-01
250               	3.6133523619e-01
251               	3.6121934039e-01
252               	3.6110256358e-01
253               	3.6098501404e-01
254               	3.6086665545e-01
255               	3.6074756631e-01
256               	3.6062781720e-01
257               	3.6050745873e-01
258               	3.6038653919e-01
259               	3.6026515263e-01
260               	3.6014323536e-01
261               	3.6002087197e-01
262               	3.5989815037e-01
263               	3.5977509801e-01
264               	3.5965165599e-01
265               	3.5952785494e-01
266               	3.5940375518e-01
267               	3.5927946683e-01
268               	3.5915507825e-01
269               	3.5903056898e-01
270               	3.5890582073e-01
271               	3.5878100370e-01
272               	3.5865614273e-01
273               	3.5853136935e-01
274               	3.5840659831e-01
275               	3.5828189042e-01
276               	3.5815720961e-01
277               	3.5803261816e-01
278               	3.5790810271e-01
279               	3.5778378810e-01
280               	3.5765988393e-01
281               	3.5753618219e-01
282               	3.5741265252e-01
283               	3.5728929476e-01
284               	3.5716610414e-01
285               	3.5704317256e-01
286               	3.5692044057e-01
287               	3.5679793785e-01
288               	3.5667561028e-01
289               	3.5655363464e-01
290               	3.5643194098e-01
291               	3.5631056282e-01
292               	3.5618946548e-01
293               	3.5606868874e-01
294               	3.5594813110e-01
295               	3.5582788184e-01
296               	3.5570792643e-01
297               	3.5558830938e-01
298               	3.5546907549e-01
299               	3.5535016549e-01
300               	3.5523153258e-01
