# Selection       : patch(inlet)
# Faces           : 1224
# Area            : 4.8296495247e-02
# Time            	sum(phi)
0                 	0.0000000000e+00
1                 	-1.7150920657e-01
2                 	-1.6102650721e-01
3                 	-1.6126911882e-01
4                 	-1.6524888053e-01
5                 	-1.6935043073e-01
6                 	-1.7307161593e-01
7                 	-1.7659154359e-01
8                 	-1.7933886610e-01
9                 	-1.8168594206e-01
10                	-1.8408255692e-01
11                	-1.8679450524e-01
12                	-1.8984627581e-01
13                	-1.9293251806e-01
14                	-1.9586974135e-01
15                	-1.9853325460e-01
16                	-2.0085210092e-01
17                	-2.0293684235e-01
18                	-2.0490583811e-01
19                	-2.0686371645e-01
20                	-2.0884722238e-01
21                	-2.1077256414e-01
22                	-2.1256192026e-01
23                	-2.1417185297e-01
24                	-2.1558883108e-01
25                	-2.1684068344e-01
26                	-2.1799783683e-01
27                	-2.1910516512e-01
28                	-2.2019502005e-01
29                	-2.2125748652e-01
30                	-2.2226152019e-01
31                	-2.2319142607e-01
32                	-2.2404083758e-01
33                	-2.2481769753e-01
34                	-2.2554720574e-01
35                	-2.2625191484e-01
36                	-2.2694968362e-01
37                	-2.2764153123e-01
38                	-2.2832179760e-01
39                	-2.2898169605e-01
40                	-2.2961788828e-01
41                	-2.3023130067e-01
42                	-2.3082739496e-01
43                	-2.3141477203e-01
44                	-2.3199874477e-01
45                	-2.3258142768e-01
46                	-2.3316138790e-01
47                	-2.3373472250e-01
48                	-2.3429765032e-01
49                	-2.3484887926e-01
50                	-2.3538942306e-01
51                	-2.3591977331e-01
52                	-2.3644047972e-01
53                	-2.3695140992e-01
54                	-2.3745112762e-01
55                	-2.3793744738e-01
56                	-2.3840864517e-01
57                	-2.3886251942e-01
58                	-2.3929739322e-01
59                	-2.3971308290e-01
60                	-2.4010937513e-01
61                	-2.4048556160e-01
62                	-2.4084094746e-01
63                	-2.4117442827e-01
64                	-2.4148484464e-01
65                	-2.4177130280e-01
66                	-2.4203351252e-01
67                	-2.4227103393e-01
68                	-2.4248403146e-01
69                	-2.4267290029e-01
70                	-2.4283820903e-01
71                	-2.4298032797e-01
72                	-2.4309997214e-01
73                	-2.4319752654e-01
74                	-2.4327373733e-01
75                	-2.4332930863e-01
76                	-2.4336500979e-01
77                	-2.4338150634e-01
78                	-2.4337945428e-01
79                	-2.4335964492e-01
80                	-2.4332276775e-01
81                	-2.4326955009e-01
82                	-2.4320061100e-01
83                	-2.4311650274e-01
84                	-2.4301796751e-01
85                	-2.4290558514e-01
86                	-2.4277989207e-01
87                	-2.4264160632e-01
88                	-2.4249116710e-01
89                	-2.4232925675e-01
90                	-2.4215622878e-01
91                	-2.4197316172e-01
92                	-2.4178085188e-01
93                	-2.4158031360e-01
94                	-2.4137235073e-01
95                	-2.4115773273e-01
96                	-2.4093722090e-01
97                	-2.4071164357e-01
98                	-2.4048141126e-01
99                	-2.4024712847e-01
100               	-2.4000983507e-01
101               	-2.3977059178e-01
102               	-2.3953004959e-01
103               	-2.3928893290e-01
104               	-2.3904791057e-01
105               	-2.3880754990e-01
106               	-2.3856845163e-01
107               	-2.3833102608e-01
108               	-2.3809577436e-01
109               	-2.3786294899e-01
110               	-2.3763307480e-01
111               	-2.3740649925e-01
112               	-2.3718347055e-01
113               	-2.3696428681e-01
114               	-2.3674920023e-01
115               	-2.3653826907e-01
116               	-2.3633210200e-01
117               	-2.3613105794e-01
118               	-2.3593441233e-01
119               	-2.3574247110e-01
120               	-2.3555619520e-01
121               	-2.3537535499e-01
122               	-2.3519965299e-01
123               	-2.3502926453e-01
124               	-2.3486424300e-01
125               	-2.3470436177e-01
126               	-2.3454953774e-01
127               	-2.3439978169e-01
128               	-2.3425497330e-01
129               	-2.3411530684e-01
130               	-2.3398053327e-01
131               	-2.3385054019e-01
132               	-2.3372501351e-01
133               	-2.3360368179e-01
134               	-2.3348654730e-01
135               	-2.3337353851e-01
136               	-2.3326453973e-01
137               	-2.3315938824e-01
138               	-2.3305796593e-01
139               	-2.3296011267e-01
140               	-2.3286560216e-01
141               	-2.3277420737e-01
142               	-2.3268574061e-01
143               	-2.3259996573e-01
144               	-2.3251662596e-01
145               	-2.3243552609e-01
146               	-2.3235661942e-01
147               	-2.3227968312e-01
148               	-2.3220456404e-01
149               	-2.3213115817e-01
150               	-2.3205928984e-01
151               	-2.3198874075e-01
152               	-2.3191927193e-01
153               	-2.3185088835e-01
154               	-2.3178302733e-01
155               	-2.3171594368e-01
156               	-2.3164921345e-01
157               	-2.3158266037e-01
158               	-2.3151627183e-01
159               	-2.3145012162e-01
160               	-2.3138419850e-01
161               	-2.3131821437e-01
162               	-2.3125211075e-01
163               	-2.3118577632e-01
164               	-2.3111907731e-01
165               	-2.3105190922e-01
166               	-2.3098435575e-01
167               	-2.3091644840e-01
168               	-2.3084821501e-01
169               	-2.3077975122e-01
170               	-2.3071100018e-01
171               	-2.3064177250e-01
172               	-2.3057199940e-01
173               	-2.3050162906e-01
174               	-2.3043058879e-01
175               	-2.3035897820e-01
176               	-2.3028690436e-01
177               	-2.3021435751e-01
178               	-2.3014130179e-01
179               	-2.3006775329e-01
180               	-2.2999375553e-01
181               	-2.2991926383e-01
182               	-2.2984430689e-01
183               	-2.2976880594e-01
184               	-2.2969274350e-01
185               	-2.2961616361e-01
186               	-2.2953913955e-01
187               	-2.2946177061e-01
188               	-2.2938409958e-01
189               	-2.2930618357e-01
190               	-2.2922787107e-01
191               	-2.2914905850e-01
192               	-2.2906973420e-01
193               	-2.2898996210e-01
194               	-2.2890962590e-01
195               	-2.2882876478e-01
196               	-2.2874734663e-01
197               	-2.2866533994e-01
198               	-2.2858277710e-01
199               	-2.2849964258e-01
200               	-2.2841592107e-01
201               	-2.2833155622e-01
202               	-2.2824648502e-01
203               	-2.2816064309e-01
204               	-2.2807394811e-01
205               	-2.2798628956e-01
206               	-2.2789761938e-01
207               	-2.2780781309e-01
208               	-2.2771678013e-01
209               	-2.2762443049e-01
210               	-2.2753086575e-01
211               	-2.2743589256e-01
212               	-2.2733946171e-01
213               	-2.2724143798e-01
214               	-2.2714172375e-01
215               	-2.2704019431e-01
216               	-2.2693673231e-01
217               	-2.2683126536e-01
218               	-2.2672372945e-01
219               	-2.2661403721e-01
220               	-2.2650206649e-01
221               	-2.2638799237e-01
222               	-2.2627177522e-01
223               	-2.2615344606e-01
224               	-2.2603303554e-01
225               	-2.2591050424e-01
226               	-2.2578595820e-01
227               	-2.2565943041e-01
228               	-2.2553099195e-01
229               	-2.2540065944e-01
230               	-2.2526846289e-01
231               	-2.2513444714e-01
232               	-2.2499865803e-01
233               	-2.2486111164e-01
234               	-2.2472195673e-01
235               	-2.2458128725e-01
236               	-2.2443920902e-01
237               	-2.2429579334e-01
238               	-2.2415113645e-01
239               	-2.2400531982e-01
240               	-2.2385842268e-01
241               	-2.2371050650e-01
242               	-2.2356165731e-01
243               	-2.2341187555e-01
244               	-2.2326133087e-01
245               	-2.2311010698e-01
246               	-2.2295828786e-01
247               	-2.2280595373e-01
248               	-2.2265319549e-01
249               	-2.2250010720e-01
250               	-2.2234675768e-01
251               	-2.2219321857e-01
252               	-2.2203955972e-01
253               	-2.2188585529e-01
254               	-2.2173217135e-01
255               	-2.2157856728e-01
256               	-2.2142510542e-01
257               	-2.2127187804e-01
258               	-2.2111893754e-01
259               	-2.2096632411e-01
260               	-2.2081410110e-01
261               	-2.2066231344e-01
262               	-2.2051100950e-01
263               	-2.2036027115e-01
264               	-2.2021013029e-01
265               	-2.2006061222e-01
266               	-2.1991173492e-01
267               	-2.1976352304e-01
268               	-2.1961602885e-01
269               	-2.1946930291e-01
270               	-2.1932335202e-01
271               	-2.1917822415e-01
272               	-2.1903398271e-01
273               	-2.1889054995e-01
274               	-2.1874796695e-01
275               	-2.1860626890e-01
276               	-2.1846544607e-01
277               	-2.1832549544e-01
278               	-2.1818641832e-01
279               	-2.1804821480e-01
280               	-2.1791091741e-01
281               	-2.1777456052e-01
282               	-2.1763915746e-01
283               	-2.1750469232e-01
284               	-2.1737114373e-01
285               	-2.1723851385e-01
286               	-2.1710683074e-01
287               	-2.1697610891e-01
288               	-2.1684634086e-01
289               	-2.1671749555e-01
290               	-2.1658958254e-01
291               	-2.1646258669e-01
292               	-2.1633652138e-01
293               	-2.1621143747e-01
294               	-2.1608729765e-01
295               	-2.1596406705e-01
296               	-2.1584174359e-01
297               	-2.1572032658e-01
298               	-2.1559983659e-01
299               	-2.1548028259e-01
300               	-2.1536163653e-01
