# Selection       : patch(outlet)
# Faces           : 1218
# Area            : 4.8296495247e-02
# Time            	sum(phi)
0                 	0.0000000000e+00
1                 	1.7167036784e-01
2                 	1.6128014391e-01
3                 	1.6163762767e-01
4                 	1.6577071748e-01
5                 	1.6994383569e-01
6                 	1.7362123245e-01
7                 	1.7707570219e-01
8                 	1.7975052237e-01
9                 	1.8206334945e-01
10                	1.8446620106e-01
11                	1.8720228390e-01
12                	1.9029264039e-01
13                	1.9338677239e-01
14                	1.9633111247e-01
15                	1.9898996332e-01
16                	2.0128838236e-01
17                	2.0336362381e-01
18                	2.0533122701e-01
19                	2.0729347035e-01
20                	2.0928578891e-01
21                	2.1121170294e-01
22                	2.1300268339e-01
23                	2.1461181366e-01
24                	2.1602903751e-01
25                	2.1727557034e-01
26                	2.1843344676e-01
27                	2.1954050875e-01
28                	2.2063294674e-01
29                	2.2169612059e-01
30                	2.2269959317e-01
31                	2.2362946992e-01
32                	2.2447923931e-01
33                	2.2525516108e-01
34                	2.2598340908e-01
35                	2.2668804708e-01
36                	2.2738640121e-01
37                	2.2808015580e-01
38                	2.2875998091e-01
39                	2.2941926219e-01
40                	2.3005526033e-01
41                	2.3066810369e-01
42                	2.3126266844e-01
43                	2.3184970316e-01
44                	2.3243363184e-01
45                	2.3301631873e-01
46                	2.3359586815e-01
47                	2.3416928303e-01
48                	2.3473193557e-01
49                	2.3528264630e-01
50                	2.3582395521e-01
51                	2.3635375453e-01
52                	2.3687452832e-01
53                	2.3738557956e-01
54                	2.3788530153e-01
55                	2.3837161674e-01
56                	2.3884358282e-01
57                	2.3929744479e-01
58                	2.3973226970e-01
59                	2.4014763222e-01
60                	2.4054394549e-01
61                	2.4092015821e-01
62                	2.4127557536e-01
63                	2.4160909194e-01
64                	2.4191952646e-01
65                	2.4220594703e-01
66                	2.4246858970e-01
67                	2.4270568157e-01
68                	2.4291874887e-01
69                	2.4310764452e-01
70                	2.4327301886e-01
71                	2.4341516003e-01
72                	2.4353484876e-01
73                	2.4363244553e-01
74                	2.4370871756e-01
75                	2.4376456326e-01
76                	2.4380028851e-01
77                	2.4381680960e-01
78                	2.4381436107e-01
79                	2.4379459518e-01
80                	2.4375776106e-01
81                	2.4370458098e-01
82                	2.4363566826e-01
83                	2.4355161763e-01
84                	2.4345311863e-01
85                	2.4334078663e-01
86                	2.4321528618e-01
87                	2.4307708173e-01
88                	2.4292665020e-01
89                	2.4276436722e-01
90                	2.4259139741e-01
91                	2.4240840833e-01
92                	2.4221614361e-01
93                	2.4201566891e-01
94                	2.4180777873e-01
95                	2.4159320689e-01
96                	2.4137273908e-01
97                	2.4114720631e-01
98                	2.4091686396e-01
99                	2.4068267136e-01
100               	2.4044544860e-01
101               	2.4020623939e-01
102               	2.3996573141e-01
103               	2.3972461281e-01
104               	2.3948359824e-01
105               	2.3924326049e-01
106               	2.3900418393e-01
107               	2.3876678524e-01
108               	2.3853155455e-01
109               	2.3829876015e-01
110               	2.3806892195e-01
111               	2.3784236530e-01
112               	2.3761933050e-01
113               	2.3740012090e-01
114               	2.3718503066e-01
115               	2.3697409413e-01
116               	2.3676791509e-01
117               	2.3656681632e-01
118               	2.3637015968e-01
119               	2.3617826768e-01
120               	2.3599195858e-01
121               	2.3581108748e-01
122               	2.3563538614e-01
123               	2.3546495887e-01
124               	2.3529995221e-01
125               	2.3514004773e-01
126               	2.3498522576e-01
127               	2.3483546082e-01
128               	2.3469063824e-01
129               	2.3455096505e-01
130               	2.3441617965e-01
131               	2.3428617430e-01
132               	2.3416064999e-01
133               	2.3403931652e-01
134               	2.3392216980e-01
135               	2.3380914735e-01
136               	2.3370013709e-01
137               	2.3359497790e-01
138               	2.3349354779e-01
139               	2.3339568926e-01
140               	2.3330117616e-01
141               	2.3320977965e-01
142               	2.3312130958e-01
143               	2.3303552636e-01
144               	2.3295217934e-01
145               	2.3287108119e-01
146               	2.3279218333e-01
147               	2.3271525271e-01
148               	2.3264013525e-01
149               	2.3256672955e-01
150               	2.3249486515e-01
151               	2.3242431369e-01
152               	2.3235483930e-01
153               	2.3228636210e-01
154               	2.3221859510e-01
155               	2.3215152218e-01
156               	2.3208480404e-01
157               	2.3201826817e-01
158               	2.3195188714e-01
159               	2.3188574925e-01
160               	2.3181983115e-01
161               	2.3175386778e-01
162               	2.3168777826e-01
163               	2.3162146807e-01
164               	2.3155480287e-01
165               	2.3148764566e-01
166               	2.3142010462e-01
167               	2.3135220639e-01
168               	2.3128397659e-01
169               	2.3121551326e-01
170               	2.3114676010e-01
171               	2.3107753166e-01
172               	2.3100776018e-01
173               	2.3093739582e-01
174               	2.3086636100e-01
175               	2.3079475110e-01
176               	2.3072266850e-01
177               	2.3065010338e-01
178               	2.3057702962e-01
179               	2.3050346228e-01
180               	2.3042945812e-01
181               	2.3035496855e-01
182               	2.3028001102e-01
183               	2.3020450383e-01
184               	2.3012843285e-01
185               	2.3005184037e-01
186               	2.2997479959e-01
187               	2.2989741564e-01
188               	2.2981971382e-01
189               	2.2974178523e-01
190               	2.2966346670e-01
191               	2.2958464630e-01
192               	2.2950531245e-01
193               	2.2942553422e-01
194               	2.2934518573e-01
195               	2.2926429932e-01
196               	2.2918286429e-01
197               	2.2910086197e-01
198               	2.2901828992e-01
199               	2.2893515444e-01
200               	2.2885143768e-01
201               	2.2876707471e-01
202               	2.2868200618e-01
203               	2.2859616905e-01
204               	2.2850947380e-01
205               	2.2842186470e-01
206               	2.2833319512e-01
207               	2.2824338321e-01
208               	2.2815234197e-01
209               	2.2805999037e-01
210               	2.2796642899e-01
211               	2.2787146403e-01
212               	2.2777503243e-01
213               	2.2767701005e-01
214               	2.2757730427e-01
215               	2.2747577684e-01
216               	2.2737232492e-01
217               	2.2726685400e-01
218               	2.2715931285e-01
219               	2.2704963066e-01
220               	2.2693767118e-01
221               	2.2682358847e-01
222               	2.2670737345e-01
223               	2.2658904304e-01
224               	2.2646863322e-01
225               	2.2634610615e-01
226               	2.2622156716e-01
227               	2.2609504056e-01
228               	2.2596660372e-01
229               	2.2583627070e-01
230               	2.2570408008e-01
231               	2.2557006922e-01
232               	2.2543428364e-01
233               	2.2529673383e-01
234               	2.2515758311e-01
235               	2.2501691605e-01
236               	2.2487483786e-01
237               	2.2473142261e-01
238               	2.2458676478e-01
239               	2.2444094666e-01
240               	2.2429405008e-01
241               	2.2414613527e-01
242               	2.2399728636e-01
243               	2.2384750645e-01
244               	2.2369696295e-01
245               	2.2354573993e-01
246               	2.2339392252e-01
247               	2.2324158844e-01
248               	2.2308883049e-01
249               	2.2293574108e-01
250               	2.2278238966e-01
251               	2.2262885429e-01
252               	2.2247519805e-01
253               	2.2232149629e-01
254               	2.2216781601e-01
255               	2.2201421451e-01
256               	2.2186075358e-01
257               	2.2170752765e-01
258               	2.2155458935e-01
259               	2.2140197578e-01
260               	2.2124975297e-01
261               	2.2109796846e-01
262               	2.2094666623e-01
263               	2.2079592900e-01
264               	2.2064578898e-01
265               	2.2049627026e-01
266               	2.2034739263e-01
267               	2.2019915268e-01
268               	2.2005165520e-01
269               	2.1990492607e-01
270               	2.1975900923e-01
271               	2.1961388227e-01
272               	2.1946960705e-01
273               	2.1932617479e-01
274               	2.1918359292e-01
275               	2.1904189282e-01
276               	2.1890106865e-01
277               	2.1876112216e-01
278               	2.1862204437e-01
279               	2.1848384209e-01
280               	2.1834654492e-01
281               	2.1821018753e-01
282               	2.1807478649e-01
283               	2.1794032367e-01
284               	2.1780677331e-01
285               	2.1767414150e-01
286               	2.1754245556e-01
287               	2.1741174317e-01
288               	2.1728197132e-01
289               	2.1715313437e-01
290               	2.1702522254e-01
291               	2.1689822150e-01
292               	2.1677215875e-01
293               	2.1664706892e-01
294               	2.1652293003e-01
295               	2.1639971462e-01
296               	2.1627739267e-01
297               	2.1615596997e-01
298               	2.1603547355e-01
299               	2.1591592019e-01
300               	2.1579727399e-01
