#                 x                   T
  6.49110763537e-20              308.15
             0.0018       308.139586469
             0.0036       308.125515858
             0.0054       308.111625661
             0.0072       308.099388467
              0.009       308.090589777
             0.0108       308.086934375
             0.0126       308.089350221
             0.0144       308.098547152
             0.0162       308.115150762
              0.018       308.139757535
             0.0198       308.173247491
             0.0216       308.215285557
             0.0234       308.265954045
             0.0252       308.325221201
              0.027       308.392945709
             0.0288       308.469554352
             0.0306       308.554324474
             0.0324       308.647007177
             0.0342       308.747297777
              0.036        308.85484179
             0.0378       308.969644987
             0.0396       309.090848081
             0.0414       309.218070493
             0.0432       309.350962951
              0.045       309.489209387
             0.0468       309.632825166
             0.0486       309.781230061
             0.0504       309.934205941
             0.0522       310.091554844
              0.054        310.25309017
             0.0558       310.418861794
             0.0576       310.588411286
             0.0594       310.761542891
             0.0612       310.938074389
              0.063       311.117841003
             0.0648        311.30088308
             0.0666       311.486885594
             0.0684         311.6757666
             0.0702       311.867476712
              0.072       312.061999969
             0.0738       312.259532472
             0.0756       312.459950921
             0.0774       312.663333363
             0.0792       312.869779555
              0.081       313.079407485
             0.0828       313.292562409
             0.0846        313.50916783
             0.0864       313.729319323
             0.0882        313.95305213
               0.09       314.180382337
             0.0918        314.41158681
             0.0936       314.646486523
             0.0954       314.885147507
             0.0972       315.127656341
              0.099       315.374118531
             0.1008        315.62491995
             0.1026       315.879947078
             0.1044       316.139336994
             0.1062       316.403228076
              0.108       316.671756776
             0.1098       316.945362901
             0.1116       317.223881099
             0.1134       317.507426439
             0.1152       317.796105019
              0.117       318.090012016
             0.1188       318.389569336
             0.1206       318.694519676
             0.1224       319.004919819
             0.1242       319.320813513
              0.126       319.642231217
             0.1278       319.969536575
             0.1296       320.302383858
             0.1314       320.640760203
             0.1332       320.984638581
              0.135        321.33397831
             0.1368       321.689059209
             0.1386       322.049472708
             0.1404       322.415141336
             0.1422       322.785976213
              0.144       323.161876536
             0.1458       323.543038944
             0.1476       323.929043178
             0.1494       324.319771712
             0.1512       324.715093582
              0.153       325.114907432
             0.1548       325.519361467
             0.1566       325.927990292
             0.1584       326.340605131
             0.1602       326.757014076
              0.162        327.17702418
             0.1638       327.600639247
             0.1656       328.027438408
             0.1674       328.457227449
             0.1692       328.889813484
              0.171       329.325005694
             0.1728       329.762752755
             0.1746       330.202704537
             0.1764       330.644671844
             0.1782       331.088302092
               0.18       331.408380502
