# Selection       : patch(inlet)
# Faces           : 1224
# Area            : 4.8296495247e-02
# Time            	sum(phi)
0                 	0.0000000000e+00
1                 	-1.7990954894e-01
2                 	-1.5956907919e-01
3                 	-1.6147946806e-01
4                 	-1.6503181393e-01
5                 	-1.6963010672e-01
6                 	-1.7391660643e-01
7                 	-1.7790165305e-01
8                 	-1.8140889681e-01
9                 	-1.8451419874e-01
10                	-1.8796348726e-01
11                	-1.9198255769e-01
12                	-1.9655240209e-01
13                	-2.0122933339e-01
14                	-2.0565732428e-01
15                	-2.0980442456e-01
16                	-2.1363866459e-01
17                	-2.1725024034e-01
18                	-2.2078281227e-01
19                	-2.2425245612e-01
20                	-2.2774588383e-01
21                	-2.3118023724e-01
22                	-2.3448085587e-01
23                	-2.3759671229e-01
24                	-2.4049286923e-01
25                	-2.4321641363e-01
26                	-2.4577459227e-01
27                	-2.4826582467e-01
28                	-2.5068621683e-01
29                	-2.5302692161e-01
30                	-2.5527184165e-01
31                	-2.5740566257e-01
32                	-2.5942209268e-01
33                	-2.6131999749e-01
34                	-2.6312612756e-01
35                	-2.6484525246e-01
36                	-2.6648660394e-01
37                	-2.6805737442e-01
38                	-2.6955939319e-01
39                	-2.7098358872e-01
40                	-2.7232767377e-01
41                	-2.7359126061e-01
42                	-2.7477838792e-01
43                	-2.7589297963e-01
44                	-2.7693641117e-01
45                	-2.7790834775e-01
46                	-2.7880755085e-01
47                	-2.7963245713e-01
48                	-2.8038076914e-01
49                	-2.8105296792e-01
50                	-2.8165116314e-01
51                	-2.8217723476e-01
52                	-2.8263377103e-01
53                	-2.8302180476e-01
54                	-2.8334198805e-01
55                	-2.8359478037e-01
56                	-2.8378182160e-01
57                	-2.8390657649e-01
58                	-2.8397254754e-01
59                	-2.8398341614e-01
60                	-2.8394276795e-01
61                	-2.8385407748e-01
62                	-2.8372087168e-01
63                	-2.8354697275e-01
64                	-2.8333601988e-01
65                	-2.8309182379e-01
66                	-2.8281788950e-01
67                	-2.8251852513e-01
68                	-2.8219709376e-01
69                	-2.8185668173e-01
70                	-2.8149979993e-01
71                	-2.8112950968e-01
72                	-2.8074770982e-01
73                	-2.8035624496e-01
74                	-2.7995676133e-01
75                	-2.7955028750e-01
76                	-2.7913930969e-01
77                	-2.7872878217e-01
78                	-2.7832216336e-01
79                	-2.7792125451e-01
80                	-2.7752895271e-01
81                	-2.7714612347e-01
82                	-2.7677353104e-01
83                	-2.7641269683e-01
84                	-2.7606409899e-01
85                	-2.7572803632e-01
86                	-2.7540505782e-01
87                	-2.7509552852e-01
88                	-2.7479922232e-01
89                	-2.7451575219e-01
90                	-2.7424486754e-01
91                	-2.7398600102e-01
92                	-2.7373880145e-01
93                	-2.7350272861e-01
94                	-2.7327716201e-01
95                	-2.7306180079e-01
96                	-2.7285701582e-01
97                	-2.7266054996e-01
98                	-2.7247294640e-01
99                	-2.7229449985e-01
100               	-2.7212330286e-01
101               	-2.7195920204e-01
102               	-2.7180218596e-01
103               	-2.7165126963e-01
104               	-2.7150571490e-01
105               	-2.7136531298e-01
106               	-2.7122936906e-01
107               	-2.7109795303e-01
108               	-2.7097027069e-01
109               	-2.7084606344e-01
110               	-2.7072477907e-01
111               	-2.7060674393e-01
112               	-2.7049153249e-01
113               	-2.7037899422e-01
114               	-2.7026902931e-01
115               	-2.7016163789e-01
116               	-2.7005656128e-01
117               	-2.6995382681e-01
118               	-2.6985319208e-01
119               	-2.6975482394e-01
120               	-2.6965874236e-01
121               	-2.6956532391e-01
122               	-2.6947453025e-01
123               	-2.6938679611e-01
124               	-2.6930215455e-01
125               	-2.6922058195e-01
126               	-2.6914204598e-01
127               	-2.6906688274e-01
128               	-2.6899495821e-01
129               	-2.6892642908e-01
130               	-2.6886169607e-01
131               	-2.6880092822e-01
132               	-2.6874453607e-01
133               	-2.6869229571e-01
134               	-2.6864409357e-01
135               	-2.6859983845e-01
136               	-2.6855992017e-01
137               	-2.6852423756e-01
138               	-2.6849304096e-01
139               	-2.6846640676e-01
140               	-2.6844407331e-01
141               	-2.6842568331e-01
142               	-2.6841113054e-01
143               	-2.6840042031e-01
144               	-2.6839378304e-01
145               	-2.6839119370e-01
146               	-2.6839264651e-01
147               	-2.6839779683e-01
148               	-2.6840638485e-01
149               	-2.6841824320e-01
150               	-2.6843359136e-01
151               	-2.6845211216e-01
152               	-2.6847340146e-01
153               	-2.6849749100e-01
154               	-2.6852381322e-01
155               	-2.6855290923e-01
156               	-2.6858467791e-01
157               	-2.6861931435e-01
158               	-2.6865672857e-01
159               	-2.6869995606e-01
160               	-2.6874810205e-01
161               	-2.6880202286e-01
162               	-2.6886305723e-01
163               	-2.6892981111e-01
164               	-2.6900233436e-01
165               	-2.6908006059e-01
166               	-2.6916221331e-01
167               	-2.6924757412e-01
168               	-2.6933485556e-01
169               	-2.6942283604e-01
170               	-2.6951037488e-01
171               	-2.6959630952e-01
172               	-2.6967989925e-01
173               	-2.6976064702e-01
174               	-2.6983814794e-01
175               	-2.6991218753e-01
176               	-2.6998271105e-01
177               	-2.7004973817e-01
178               	-2.7011337243e-01
179               	-2.7017379506e-01
180               	-2.7023117802e-01
181               	-2.7028574861e-01
182               	-2.7033777278e-01
183               	-2.7038747210e-01
184               	-2.7043507281e-01
185               	-2.7048079323e-01
186               	-2.7052493115e-01
187               	-2.7056768978e-01
188               	-2.7060934898e-01
189               	-2.7065008077e-01
190               	-2.7069009569e-01
191               	-2.7072945045e-01
192               	-2.7076831385e-01
193               	-2.7080693137e-01
194               	-2.7084551259e-01
195               	-2.7088406602e-01
196               	-2.7092276987e-01
197               	-2.7096174400e-01
198               	-2.7100105958e-01
199               	-2.7104086539e-01
200               	-2.7108117870e-01
201               	-2.7112198266e-01
202               	-2.7116326461e-01
203               	-2.7120499559e-01
204               	-2.7124724514e-01
205               	-2.7128996240e-01
206               	-2.7133310751e-01
207               	-2.7137663327e-01
208               	-2.7142044006e-01
209               	-2.7146444305e-01
210               	-2.7150858567e-01
211               	-2.7155289475e-01
212               	-2.7159722847e-01
213               	-2.7164148339e-01
214               	-2.7168560303e-01
215               	-2.7172953048e-01
216               	-2.7177315964e-01
217               	-2.7181634892e-01
218               	-2.7185900018e-01
219               	-2.7190107141e-01
220               	-2.7194248404e-01
221               	-2.7198310403e-01
222               	-2.7202282228e-01
223               	-2.7206159889e-01
224               	-2.7209935896e-01
225               	-2.7213593003e-01
226               	-2.7217126977e-01
227               	-2.7220536984e-01
228               	-2.7223812091e-01
229               	-2.7226947155e-01
230               	-2.7229938917e-01
231               	-2.7232784504e-01
232               	-2.7235479064e-01
233               	-2.7238023121e-01
234               	-2.7240409876e-01
235               	-2.7242636859e-01
236               	-2.7244703435e-01
237               	-2.7246606046e-01
238               	-2.7248341618e-01
239               	-2.7249900425e-01
240               	-2.7251285936e-01
241               	-2.7252488641e-01
242               	-2.7253504886e-01
243               	-2.7254339925e-01
244               	-2.7254989274e-01
245               	-2.7255459008e-01
246               	-2.7255742933e-01
247               	-2.7255841199e-01
248               	-2.7255750418e-01
249               	-2.7255469996e-01
250               	-2.7254991343e-01
251               	-2.7254317221e-01
252               	-2.7253448039e-01
253               	-2.7252384698e-01
254               	-2.7251129393e-01
255               	-2.7249676283e-01
256               	-2.7248032293e-01
257               	-2.7246202192e-01
258               	-2.7244166215e-01
259               	-2.7241933645e-01
260               	-2.7239496178e-01
261               	-2.7236857255e-01
262               	-2.7234006543e-01
263               	-2.7230945320e-01
264               	-2.7227672601e-01
265               	-2.7224184197e-01
266               	-2.7220484615e-01
267               	-2.7216573376e-01
268               	-2.7212448462e-01
269               	-2.7208108805e-01
270               	-2.7203548977e-01
271               	-2.7198764836e-01
272               	-2.7193743097e-01
273               	-2.7188487312e-01
274               	-2.7183002047e-01
275               	-2.7177286572e-01
276               	-2.7171343406e-01
277               	-2.7165171432e-01
278               	-2.7158771798e-01
279               	-2.7152143829e-01
280               	-2.7145288390e-01
281               	-2.7138205228e-01
282               	-2.7130893180e-01
283               	-2.7123352445e-01
284               	-2.7115582661e-01
285               	-2.7107586224e-01
286               	-2.7099367893e-01
287               	-2.7090930459e-01
288               	-2.7082278332e-01
289               	-2.7073412827e-01
290               	-2.7064334785e-01
291               	-2.7055047194e-01
292               	-2.7045554908e-01
293               	-2.7035860506e-01
294               	-2.7025969942e-01
295               	-2.7015886560e-01
296               	-2.7005616865e-01
297               	-2.6995162412e-01
298               	-2.6984531524e-01
299               	-2.6973731542e-01
300               	-2.6962769794e-01
301               	-2.6951647681e-01
302               	-2.6940375479e-01
303               	-2.6928958391e-01
304               	-2.6917403254e-01
305               	-2.6905712042e-01
306               	-2.6893890950e-01
307               	-2.6881946000e-01
308               	-2.6869882538e-01
309               	-2.6857700293e-01
310               	-2.6845423971e-01
311               	-2.6833058244e-01
312               	-2.6820596132e-01
313               	-2.6808043841e-01
314               	-2.6795423470e-01
315               	-2.6782733935e-01
316               	-2.6769989177e-01
317               	-2.6757173298e-01
318               	-2.6744303468e-01
319               	-2.6731381004e-01
320               	-2.6718407090e-01
321               	-2.6705384294e-01
322               	-2.6692315672e-01
323               	-2.6679206066e-01
324               	-2.6666058743e-01
325               	-2.6652877814e-01
326               	-2.6639666594e-01
327               	-2.6626422503e-01
328               	-2.6613143301e-01
329               	-2.6599829804e-01
330               	-2.6586480926e-01
331               	-2.6573100702e-01
332               	-2.6559686382e-01
333               	-2.6546237749e-01
334               	-2.6532752246e-01
335               	-2.6519231689e-01
336               	-2.6505679151e-01
337               	-2.6492089633e-01
338               	-2.6478454940e-01
339               	-2.6464787071e-01
340               	-2.6451066798e-01
341               	-2.6437320715e-01
342               	-2.6423528605e-01
343               	-2.6409710049e-01
344               	-2.6395853113e-01
345               	-2.6381949598e-01
346               	-2.6368020752e-01
347               	-2.6354045488e-01
348               	-2.6340039274e-01
349               	-2.6325995414e-01
350               	-2.6311909803e-01
351               	-2.6297784089e-01
352               	-2.6283632643e-01
353               	-2.6269448938e-01
354               	-2.6255233720e-01
355               	-2.6240996006e-01
356               	-2.6226739454e-01
357               	-2.6212463018e-01
358               	-2.6198165917e-01
359               	-2.6183855277e-01
360               	-2.6169529571e-01
361               	-2.6155190420e-01
362               	-2.6140846233e-01
363               	-2.6126505001e-01
364               	-2.6112162882e-01
365               	-2.6097827765e-01
366               	-2.6083509768e-01
367               	-2.6069192534e-01
368               	-2.6054895095e-01
369               	-2.6040622487e-01
370               	-2.6026360376e-01
371               	-2.6012131809e-01
372               	-2.5997923053e-01
373               	-2.5983743225e-01
374               	-2.5969591153e-01
375               	-2.5955484063e-01
376               	-2.5941422611e-01
377               	-2.5927404929e-01
378               	-2.5913423445e-01
379               	-2.5899483938e-01
380               	-2.5885578184e-01
381               	-2.5871702467e-01
382               	-2.5857864129e-01
383               	-2.5844061321e-01
384               	-2.5830300929e-01
385               	-2.5816572500e-01
386               	-2.5802882889e-01
387               	-2.5789225026e-01
388               	-2.5775596946e-01
389               	-2.5761989519e-01
390               	-2.5748419897e-01
391               	-2.5734885786e-01
392               	-2.5721392802e-01
393               	-2.5707918946e-01
394               	-2.5694499187e-01
395               	-2.5681130859e-01
396               	-2.5667803530e-01
397               	-2.5654524057e-01
398               	-2.5641290787e-01
399               	-2.5628090801e-01
400               	-2.5614924373e-01
401               	-2.5601794306e-01
402               	-2.5588692247e-01
403               	-2.5575616648e-01
404               	-2.5562575428e-01
405               	-2.5549558728e-01
406               	-2.5536569713e-01
407               	-2.5523610390e-01
408               	-2.5510680974e-01
409               	-2.5497783955e-01
410               	-2.5484930176e-01
411               	-2.5472094556e-01
412               	-2.5459289919e-01
413               	-2.5446510433e-01
414               	-2.5433779354e-01
415               	-2.5421069865e-01
416               	-2.5408387755e-01
417               	-2.5395730779e-01
418               	-2.5383089995e-01
419               	-2.5370484171e-01
420               	-2.5357880598e-01
421               	-2.5345306292e-01
422               	-2.5332738354e-01
423               	-2.5320185617e-01
424               	-2.5307643536e-01
425               	-2.5295134354e-01
426               	-2.5282636892e-01
427               	-2.5270182486e-01
428               	-2.5257757285e-01
429               	-2.5245374065e-01
430               	-2.5233028185e-01
431               	-2.5220730082e-01
