# Selection       : patch(outlet)
# Faces           : 1218
# Area            : 4.8296495247e-02
# Time            	sum(phi)
0                 	0.0000000000e+00
1                 	1.7997502217e-01
2                 	1.5962774436e-01
3                 	1.6158409246e-01
4                 	1.6515233157e-01
5                 	1.6975953379e-01
6                 	1.7410692790e-01
7                 	1.7820357672e-01
8                 	1.8170466066e-01
9                 	1.8481602324e-01
10                	1.8822675011e-01
11                	1.9218633504e-01
12                	1.9672353499e-01
13                	2.0135967276e-01
14                	2.0578444690e-01
15                	2.0997708475e-01
16                	2.1385598274e-01
17                	2.1748869450e-01
18                	2.2098354465e-01
19                	2.2445229590e-01
20                	2.2793734913e-01
21                	2.3135667157e-01
22                	2.3466034626e-01
23                	2.3777892994e-01
24                	2.4069115716e-01
25                	2.4341320198e-01
26                	2.4599201056e-01
27                	2.4847975048e-01
28                	2.5089127114e-01
29                	2.5321970728e-01
30                	2.5546178570e-01
31                	2.5759653557e-01
32                	2.5961505084e-01
33                	2.6151965748e-01
34                	2.6332477657e-01
35                	2.6504357754e-01
36                	2.6668471202e-01
37                	2.6825604368e-01
38                	2.6975579884e-01
39                	2.7117812018e-01
40                	2.7252223912e-01
41                	2.7378724539e-01
42                	2.7497423365e-01
43                	2.7608885435e-01
44                	2.7713244834e-01
45                	2.7810449622e-01
46                	2.7900224852e-01
47                	2.7982563570e-01
48                	2.8057320093e-01
49                	2.8124461023e-01
50                	2.8184332418e-01
51                	2.8236918111e-01
52                	2.8282550180e-01
53                	2.8321358243e-01
54                	2.8353382854e-01
55                	2.8378829599e-01
56                	2.8397542826e-01
57                	2.8410021806e-01
58                	2.8416620456e-01
59                	2.8417706227e-01
60                	2.8413646449e-01
61                	2.8404787559e-01
62                	2.8391472988e-01
63                	2.8374089772e-01
64                	2.8353002329e-01
65                	2.8328594554e-01
66                	2.8301212442e-01
67                	2.8271278169e-01
68                	2.8239027038e-01
69                	2.8204990067e-01
70                	2.8169340650e-01
71                	2.8132328029e-01
72                	2.8094145312e-01
73                	2.8054995532e-01
74                	2.8015049763e-01
75                	2.7974405156e-01
76                	2.7933307326e-01
77                	2.7892236123e-01
78                	2.7851574501e-01
79                	2.7811487153e-01
80                	2.7772257521e-01
81                	2.7733981958e-01
82                	2.7696734904e-01
83                	2.7660667449e-01
84                	2.7625814445e-01
85                	2.7592221261e-01
86                	2.7559938143e-01
87                	2.7528990116e-01
88                	2.7499366308e-01
89                	2.7471029153e-01
90                	2.7443948765e-01
91                	2.7418078980e-01
92                	2.7393373833e-01
93                	2.7369778988e-01
94                	2.7347230926e-01
95                	2.7325712850e-01
96                	2.7305219004e-01
97                	2.7285578259e-01
98                	2.7266832838e-01
99                	2.7248945248e-01
100               	2.7231837415e-01
101               	2.7215446987e-01
102               	2.7199746985e-01
103               	2.7184654498e-01
104               	2.7170105245e-01
105               	2.7156067892e-01
106               	2.7142479107e-01
107               	2.7129326367e-01
108               	2.7116557531e-01
109               	2.7104125253e-01
110               	2.7092010173e-01
111               	2.7080205094e-01
112               	2.7068681859e-01
113               	2.7057427492e-01
114               	2.7046428939e-01
115               	2.7035684117e-01
116               	2.7025173853e-01
117               	2.7014894541e-01
118               	2.7004837494e-01
119               	2.6995004732e-01
120               	2.6985397019e-01
121               	2.6976057842e-01
122               	2.6966978473e-01
123               	2.6958204132e-01
124               	2.6949732783e-01
125               	2.6941571694e-01
126               	2.6933722068e-01
127               	2.6926212578e-01
128               	2.6919020314e-01
129               	2.6912167002e-01
130               	2.6905693342e-01
131               	2.6899618840e-01
132               	2.6893965915e-01
133               	2.6888741151e-01
134               	2.6883928128e-01
135               	2.6879514748e-01
136               	2.6875512979e-01
137               	2.6871950645e-01
138               	2.6868835916e-01
139               	2.6866173684e-01
140               	2.6863936505e-01
141               	2.6862096734e-01
142               	2.6860641898e-01
143               	2.6859575808e-01
144               	2.6858911429e-01
145               	2.6858649890e-01
146               	2.6858790285e-01
147               	2.6859301034e-01
148               	2.6860156904e-01
149               	2.6861342296e-01
150               	2.6862874004e-01
151               	2.6864720284e-01
152               	2.6866844408e-01
153               	2.6869248830e-01
154               	2.6871872302e-01
155               	2.6874765429e-01
156               	2.6877926324e-01
157               	2.6881385337e-01
158               	2.6885123499e-01
159               	2.6889443077e-01
160               	2.6894254954e-01
161               	2.6899652221e-01
162               	2.6905760216e-01
163               	2.6912439504e-01
164               	2.6919698344e-01
165               	2.6927488844e-01
166               	2.6935723854e-01
167               	2.6944277678e-01
168               	2.6953021020e-01
169               	2.6961830675e-01
170               	2.6970595322e-01
171               	2.6979196898e-01
172               	2.6987561467e-01
173               	2.6995637531e-01
174               	2.7003386903e-01
175               	2.7010787916e-01
176               	2.7017837701e-01
177               	2.7024538938e-01
178               	2.7030900327e-01
179               	2.7036941908e-01
180               	2.7042679017e-01
181               	2.7048134646e-01
182               	2.7053334638e-01
183               	2.7058301712e-01
184               	2.7063058364e-01
185               	2.7067628306e-01
186               	2.7072038976e-01
187               	2.7076311626e-01
188               	2.7080475038e-01
189               	2.7084545192e-01
190               	2.7088543805e-01
191               	2.7092475091e-01
192               	2.7096357489e-01
193               	2.7100216047e-01
194               	2.7104068662e-01
195               	2.7107919907e-01
196               	2.7111787032e-01
197               	2.7115682618e-01
198               	2.7119611904e-01
199               	2.7123591868e-01
200               	2.7127622081e-01
201               	2.7131702297e-01
202               	2.7135829743e-01
203               	2.7140002160e-01
204               	2.7144225624e-01
205               	2.7148498164e-01
206               	2.7152811272e-01
207               	2.7157162658e-01
208               	2.7161541347e-01
209               	2.7165941659e-01
210               	2.7170355614e-01
211               	2.7174784711e-01
212               	2.7179215382e-01
213               	2.7183642315e-01
214               	2.7188055584e-01
215               	2.7192450600e-01
216               	2.7196814013e-01
217               	2.7201133337e-01
218               	2.7205397982e-01
219               	2.7209604933e-01
220               	2.7213746151e-01
221               	2.7217808883e-01
222               	2.7221774361e-01
223               	2.7225652260e-01
224               	2.7229427076e-01
225               	2.7233084251e-01
226               	2.7236617766e-01
227               	2.7240027902e-01
228               	2.7243302025e-01
229               	2.7246436725e-01
230               	2.7249427808e-01
231               	2.7252274516e-01
232               	2.7254967951e-01
233               	2.7257512386e-01
234               	2.7259898182e-01
235               	2.7262124010e-01
236               	2.7264189629e-01
237               	2.7266109390e-01
238               	2.7267843230e-01
239               	2.7269404218e-01
240               	2.7270774387e-01
241               	2.7271976920e-01
242               	2.7272992711e-01
243               	2.7273825917e-01
244               	2.7274477051e-01
245               	2.7274944228e-01
246               	2.7275228912e-01
247               	2.7275327282e-01
248               	2.7275237232e-01
249               	2.7274956416e-01
250               	2.7274477757e-01
251               	2.7273803359e-01
252               	2.7272933953e-01
253               	2.7271869996e-01
254               	2.7270614692e-01
255               	2.7269163134e-01
256               	2.7267519500e-01
257               	2.7265688435e-01
258               	2.7263653118e-01
259               	2.7261420363e-01
260               	2.7258983060e-01
261               	2.7256342685e-01
262               	2.7253492657e-01
263               	2.7250431047e-01
264               	2.7247159198e-01
265               	2.7243671526e-01
266               	2.7239972572e-01
267               	2.7236061356e-01
268               	2.7231936608e-01
269               	2.7227596183e-01
270               	2.7223036271e-01
271               	2.7218251920e-01
272               	2.7213231102e-01
273               	2.7207976485e-01
274               	2.7202491614e-01
275               	2.7196776022e-01
276               	2.7190832720e-01
277               	2.7184660124e-01
278               	2.7178260709e-01
279               	2.7171632522e-01
280               	2.7164777917e-01
281               	2.7157695758e-01
282               	2.7150384051e-01
283               	2.7142843545e-01
284               	2.7135073908e-01
285               	2.7127077746e-01
286               	2.7118859999e-01
287               	2.7110422508e-01
288               	2.7101769963e-01
289               	2.7092909850e-01
290               	2.7083831993e-01
291               	2.7074544807e-01
292               	2.7065052193e-01
293               	2.7055357743e-01
294               	2.7045466782e-01
295               	2.7035383094e-01
296               	2.7025112868e-01
297               	2.7014658741e-01
298               	2.7004027727e-01
299               	2.6993227916e-01
300               	2.6982266172e-01
301               	2.6971144581e-01
302               	2.6959871498e-01
303               	2.6948453917e-01
304               	2.6936898407e-01
305               	2.6925207411e-01
306               	2.6913386350e-01
307               	2.6901440806e-01
308               	2.6889376111e-01
309               	2.6877209214e-01
310               	2.6864932849e-01
311               	2.6852551950e-01
312               	2.6840088924e-01
313               	2.6827553237e-01
314               	2.6814932127e-01
315               	2.6802243410e-01
316               	2.6789478370e-01
317               	2.6776666149e-01
318               	2.6763796090e-01
319               	2.6750873052e-01
320               	2.6737899530e-01
321               	2.6724875984e-01
322               	2.6711807525e-01
323               	2.6698697939e-01
324               	2.6685550404e-01
325               	2.6672368979e-01
326               	2.6659157580e-01
327               	2.6645913975e-01
328               	2.6632635431e-01
329               	2.6619322723e-01
330               	2.6605974871e-01
331               	2.6592593901e-01
332               	2.6579180006e-01
333               	2.6565731704e-01
334               	2.6552246748e-01
335               	2.6538725633e-01
336               	2.6525174113e-01
337               	2.6511585079e-01
338               	2.6497950669e-01
339               	2.6484282159e-01
340               	2.6470562698e-01
341               	2.6456816454e-01
342               	2.6443025099e-01
343               	2.6429206552e-01
344               	2.6415350125e-01
345               	2.6401447348e-01
346               	2.6387517753e-01
347               	2.6373542023e-01
348               	2.6359535544e-01
349               	2.6345490886e-01
350               	2.6331406363e-01
351               	2.6317280320e-01
352               	2.6303128461e-01
353               	2.6288945238e-01
354               	2.6274729642e-01
355               	2.6260492788e-01
356               	2.6246235932e-01
357               	2.6231959004e-01
358               	2.6217661892e-01
359               	2.6203350881e-01
360               	2.6189021373e-01
361               	2.6174686129e-01
362               	2.6160342053e-01
363               	2.6145998564e-01
364               	2.6131654900e-01
365               	2.6117322037e-01
366               	2.6103004298e-01
367               	2.6088708542e-01
368               	2.6074409659e-01
369               	2.6060117490e-01
370               	2.6045855425e-01
371               	2.6031626932e-01
372               	2.6017417600e-01
373               	2.6003238134e-01
374               	2.5989086395e-01
375               	2.5974979394e-01
376               	2.5960917688e-01
377               	2.5946900258e-01
378               	2.5932918251e-01
379               	2.5918979249e-01
380               	2.5905073286e-01
381               	2.5891199004e-01
382               	2.5877359636e-01
383               	2.5863558015e-01
384               	2.5849796264e-01
385               	2.5836068842e-01
386               	2.5822378661e-01
387               	2.5808721170e-01
388               	2.5795092074e-01
389               	2.5781504031e-01
390               	2.5767932761e-01
391               	2.5754399943e-01
392               	2.5740890353e-01
393               	2.5727432763e-01
394               	2.5714013168e-01
395               	2.5700644782e-01
396               	2.5687317018e-01
397               	2.5674037078e-01
398               	2.5660790573e-01
399               	2.5647590618e-01
400               	2.5634424289e-01
401               	2.5621294552e-01
402               	2.5608193238e-01
403               	2.5595118552e-01
404               	2.5582076991e-01
405               	2.5569060864e-01
406               	2.5556072832e-01
407               	2.5543117720e-01
408               	2.5530188934e-01
409               	2.5517298281e-01
410               	2.5504427000e-01
411               	2.5491597863e-01
412               	2.5478792701e-01
413               	2.5466024973e-01
414               	2.5453275894e-01
415               	2.5440567106e-01
416               	2.5427885878e-01
417               	2.5415234734e-01
418               	2.5402604363e-01
419               	2.5389982998e-01
420               	2.5377394661e-01
421               	2.5364807125e-01
422               	2.5352238809e-01
423               	2.5339686375e-01
424               	2.5327157548e-01
425               	2.5314635606e-01
426               	2.5302138263e-01
427               	2.5289685081e-01
428               	2.5277259462e-01
429               	2.5264888267e-01
430               	2.5252542313e-01
431               	2.5240231689e-01
