# Selection       : patch(inlet)
# Faces           : 1224
# Area            : 4.8296495247e-02
# Time            	sum(phi)
0                 	0.0000000000e+00
1                 	-1.9500104467e-01
2                 	-1.7286317105e-01
3                 	-1.7511111498e-01
4                 	-1.7877974813e-01
5                 	-1.8383991372e-01
6                 	-1.8860861624e-01
7                 	-1.9314397002e-01
8                 	-1.9713672920e-01
9                 	-2.0072957577e-01
10                	-2.0479186433e-01
11                	-2.0947319598e-01
12                	-2.1478042306e-01
13                	-2.2020791922e-01
14                	-2.2547818472e-01
15                	-2.3045977656e-01
16                	-2.3512249933e-01
17                	-2.3953204157e-01
18                	-2.4384140178e-01
19                	-2.4810374671e-01
20                	-2.5238248347e-01
21                	-2.5657392301e-01
22                	-2.6060688191e-01
23                	-2.6439692968e-01
24                	-2.6795825524e-01
25                	-2.7128148832e-01
26                	-2.7439671487e-01
27                	-2.7742075773e-01
28                	-2.8034693186e-01
29                	-2.8315436113e-01
30                	-2.8585567772e-01
31                	-2.8842325476e-01
32                	-2.9085563815e-01
33                	-2.9315350539e-01
34                	-2.9533095386e-01
35                	-2.9740282947e-01
36                	-2.9937843880e-01
37                	-3.0125679258e-01
38                	-3.0303991539e-01
39                	-3.0472628119e-01
40                	-3.0630628120e-01
41                	-3.0777628564e-01
42                	-3.0914268247e-01
43                	-3.1040347695e-01
44                	-3.1155639605e-01
45                	-3.1260242228e-01
46                	-3.1353799391e-01
47                	-3.1436271198e-01
48                	-3.1507492094e-01
49                	-3.1567321047e-01
50                	-3.1615932675e-01
51                	-3.1653393921e-01
52                	-3.1680156068e-01
53                	-3.1696577011e-01
54                	-3.1703077638e-01
55                	-3.1699914288e-01
56                	-3.1687401276e-01
57                	-3.1666186104e-01
58                	-3.1636872501e-01
59                	-3.1599975874e-01
60                	-3.1556114556e-01
61                	-3.1505803061e-01
62                	-3.1449561909e-01
63                	-3.1388008238e-01
64                	-3.1321725423e-01
65                	-3.1251332203e-01
66                	-3.1177493854e-01
67                	-3.1100785345e-01
68                	-3.1021659945e-01
69                	-3.0940454770e-01
70                	-3.0857522356e-01
71                	-3.0773742373e-01
72                	-3.0689746923e-01
73                	-3.0606157696e-01
74                	-3.0523551475e-01
75                	-3.0442251862e-01
76                	-3.0362588925e-01
77                	-3.0284881349e-01
78                	-3.0209314789e-01
79                	-3.0136077620e-01
80                	-3.0065344179e-01
81                	-2.9997181717e-01
82                	-2.9931634959e-01
83                	-2.9868747103e-01
84                	-2.9808511930e-01
85                	-2.9750907442e-01
86                	-2.9695845873e-01
87                	-2.9643258080e-01
88                	-2.9593201540e-01
89                	-2.9545502915e-01
90                	-2.9500073068e-01
91                	-2.9456969554e-01
92                	-2.9415946053e-01
93                	-2.9376928888e-01
94                	-2.9339864189e-01
95                	-2.9304534937e-01
96                	-2.9270931035e-01
97                	-2.9238860937e-01
98                	-2.9208288340e-01
99                	-2.9179068927e-01
100               	-2.9151109788e-01
101               	-2.9124269746e-01
102               	-2.9098497915e-01
103               	-2.9073679268e-01
104               	-2.9049724005e-01
105               	-2.9026549196e-01
106               	-2.9004057840e-01
107               	-2.8982159899e-01
108               	-2.8960783063e-01
109               	-2.8939834997e-01
110               	-2.8919263590e-01
111               	-2.8899015816e-01
112               	-2.8879063034e-01
113               	-2.8859438932e-01
114               	-2.8840003015e-01
115               	-2.8820738701e-01
116               	-2.8801599801e-01
117               	-2.8782573005e-01
118               	-2.8763610643e-01
119               	-2.8744735094e-01
120               	-2.8725938350e-01
121               	-2.8707214483e-01
122               	-2.8688573299e-01
123               	-2.8669973418e-01
124               	-2.8651436332e-01
125               	-2.8632971908e-01
126               	-2.8614631606e-01
127               	-2.8596459936e-01
128               	-2.8578463600e-01
129               	-2.8560605303e-01
130               	-2.8542868985e-01
131               	-2.8525293037e-01
132               	-2.8507935565e-01
133               	-2.8490843890e-01
134               	-2.8474016292e-01
135               	-2.8457437730e-01
136               	-2.8441137988e-01
137               	-2.8425171363e-01
138               	-2.8409611417e-01
139               	-2.8394487976e-01
140               	-2.8379783345e-01
141               	-2.8365515617e-01
142               	-2.8351751432e-01
143               	-2.8338593794e-01
144               	-2.8326102145e-01
145               	-2.8314272766e-01
146               	-2.8303574185e-01
147               	-2.8294119474e-01
148               	-2.8286071222e-01
149               	-2.8279561275e-01
150               	-2.8274570354e-01
151               	-2.8270999506e-01
152               	-2.8268699574e-01
153               	-2.8267500890e-01
154               	-2.8267207485e-01
155               	-2.8267631170e-01
156               	-2.8268616599e-01
157               	-2.8270037702e-01
158               	-2.8271788835e-01
159               	-2.8273774592e-01
160               	-2.8275944462e-01
161               	-2.8278259416e-01
162               	-2.8280700767e-01
163               	-2.8283258310e-01
164               	-2.8285924022e-01
165               	-2.8288702082e-01
166               	-2.8291585450e-01
167               	-2.8294576394e-01
168               	-2.8297680798e-01
169               	-2.8300911224e-01
170               	-2.8304262944e-01
171               	-2.8307733920e-01
172               	-2.8311333809e-01
173               	-2.8315065373e-01
174               	-2.8318930762e-01
175               	-2.8322924718e-01
176               	-2.8327060508e-01
177               	-2.8331343621e-01
178               	-2.8335773704e-01
179               	-2.8340351498e-01
180               	-2.8345086785e-01
181               	-2.8349981673e-01
182               	-2.8355044717e-01
183               	-2.8360256748e-01
184               	-2.8365613778e-01
185               	-2.8371117148e-01
186               	-2.8376761188e-01
187               	-2.8382527097e-01
188               	-2.8388411421e-01
189               	-2.8394430970e-01
190               	-2.8400573914e-01
191               	-2.8406853735e-01
192               	-2.8413264010e-01
193               	-2.8419798287e-01
194               	-2.8426448578e-01
195               	-2.8433200904e-01
196               	-2.8440046270e-01
197               	-2.8446980461e-01
198               	-2.8453994721e-01
199               	-2.8461082506e-01
200               	-2.8468230869e-01
201               	-2.8475433361e-01
202               	-2.8482693039e-01
203               	-2.8490001739e-01
204               	-2.8497337505e-01
205               	-2.8504696438e-01
206               	-2.8512064686e-01
207               	-2.8519434579e-01
208               	-2.8526817271e-01
209               	-2.8534204198e-01
210               	-2.8541588422e-01
211               	-2.8548974694e-01
212               	-2.8556358625e-01
213               	-2.8563731753e-01
214               	-2.8571094610e-01
215               	-2.8578440861e-01
216               	-2.8585763464e-01
217               	-2.8593056586e-01
218               	-2.8600308761e-01
219               	-2.8607496459e-01
220               	-2.8614610459e-01
221               	-2.8621651627e-01
222               	-2.8628624099e-01
223               	-2.8635514896e-01
224               	-2.8642319468e-01
225               	-2.8649011943e-01
226               	-2.8655586303e-01
227               	-2.8662031720e-01
228               	-2.8668349035e-01
229               	-2.8674529148e-01
230               	-2.8680571074e-01
231               	-2.8686466632e-01
232               	-2.8692214234e-01
233               	-2.8697807630e-01
234               	-2.8703242323e-01
235               	-2.8708497942e-01
236               	-2.8713568897e-01
237               	-2.8718452165e-01
238               	-2.8723149186e-01
239               	-2.8727657386e-01
240               	-2.8731979286e-01
241               	-2.8736113387e-01
242               	-2.8740063070e-01
243               	-2.8743814636e-01
244               	-2.8747371680e-01
245               	-2.8750732242e-01
246               	-2.8753896675e-01
247               	-2.8756857147e-01
248               	-2.8759623463e-01
249               	-2.8762196442e-01
250               	-2.8764575913e-01
251               	-2.8766759199e-01
252               	-2.8768745613e-01
253               	-2.8770538888e-01
254               	-2.8772150356e-01
255               	-2.8773579897e-01
256               	-2.8774833168e-01
257               	-2.8775914271e-01
258               	-2.8776825357e-01
259               	-2.8777564731e-01
260               	-2.8778134167e-01
261               	-2.8778520865e-01
262               	-2.8778742854e-01
263               	-2.8778805308e-01
264               	-2.8778717902e-01
265               	-2.8778462474e-01
266               	-2.8778069880e-01
267               	-2.8777551086e-01
268               	-2.8776898676e-01
269               	-2.8776113333e-01
270               	-2.8775195569e-01
271               	-2.8774128943e-01
272               	-2.8772964106e-01
273               	-2.8771667169e-01
274               	-2.8770255957e-01
275               	-2.8768695087e-01
276               	-2.8767013259e-01
277               	-2.8765196549e-01
278               	-2.8763283906e-01
279               	-2.8761226912e-01
280               	-2.8759059447e-01
281               	-2.8756762740e-01
282               	-2.8754338993e-01
283               	-2.8751794661e-01
284               	-2.8749128737e-01
285               	-2.8746335183e-01
286               	-2.8743423617e-01
287               	-2.8740370900e-01
288               	-2.8737196853e-01
289               	-2.8733905223e-01
290               	-2.8730496173e-01
291               	-2.8726958212e-01
292               	-2.8723292055e-01
293               	-2.8719490264e-01
294               	-2.8715552458e-01
295               	-2.8711458672e-01
296               	-2.8707236911e-01
297               	-2.8702888275e-01
298               	-2.8698412328e-01
299               	-2.8693801482e-01
300               	-2.8689055363e-01
301               	-2.8684162405e-01
302               	-2.8679134685e-01
303               	-2.8673962721e-01
304               	-2.8668643949e-01
305               	-2.8663174801e-01
306               	-2.8657569671e-01
307               	-2.8651813975e-01
308               	-2.8645907544e-01
309               	-2.8639842708e-01
310               	-2.8633633131e-01
311               	-2.8627261552e-01
312               	-2.8620737484e-01
313               	-2.8614056996e-01
314               	-2.8607226040e-01
315               	-2.8600233854e-01
316               	-2.8593085191e-01
317               	-2.8585769838e-01
318               	-2.8578300994e-01
319               	-2.8570681661e-01
320               	-2.8562918578e-01
321               	-2.8555003400e-01
322               	-2.8546939142e-01
323               	-2.8538723919e-01
324               	-2.8530354440e-01
325               	-2.8521822904e-01
326               	-2.8513134806e-01
327               	-2.8504291303e-01
328               	-2.8495295057e-01
329               	-2.8486142958e-01
330               	-2.8476843728e-01
331               	-2.8467393704e-01
332               	-2.8457807370e-01
333               	-2.8448062128e-01
334               	-2.8438189345e-01
335               	-2.8428167761e-01
336               	-2.8418027704e-01
337               	-2.8407751867e-01
338               	-2.8397369825e-01
339               	-2.8386870496e-01
340               	-2.8376275363e-01
341               	-2.8365548338e-01
342               	-2.8354714654e-01
343               	-2.8343791147e-01
344               	-2.8332769771e-01
345               	-2.8321658225e-01
346               	-2.8310459354e-01
347               	-2.8299177229e-01
348               	-2.8287809053e-01
349               	-2.8276351495e-01
350               	-2.8264808003e-01
351               	-2.8253185815e-01
352               	-2.8241484499e-01
353               	-2.8229708251e-01
354               	-2.8217861405e-01
355               	-2.8205948496e-01
356               	-2.8193980267e-01
357               	-2.8181949048e-01
358               	-2.8169856419e-01
359               	-2.8157709673e-01
360               	-2.8145510689e-01
361               	-2.8133263187e-01
362               	-2.8120967577e-01
