# Selection       : patch(outlet)
# Faces           : 1218
# Area            : 4.8296495247e-02
# Time            	sum(phi)
0                 	0.0000000000e+00
1                 	1.9490205598e-01
2                 	1.7284715609e-01
3                 	1.7524299289e-01
4                 	1.7886586504e-01
5                 	1.8400958297e-01
6                 	1.8887953270e-01
7                 	1.9335692372e-01
8                 	1.9744941157e-01
9                 	2.0102670225e-01
10                	2.0503444195e-01
11                	2.0965106968e-01
12                	2.1495699104e-01
13                	2.2034291964e-01
14                	2.2562203027e-01
15                	2.3065233506e-01
16                	2.3534237088e-01
17                	2.3977292064e-01
18                	2.4404584650e-01
19                	2.4829883170e-01
20                	2.5257202677e-01
21                	2.5675674736e-01
22                	2.6078686184e-01
23                	2.6460160095e-01
24                	2.6815884033e-01
25                	2.7148210468e-01
26                	2.7461801803e-01
27                	2.7762838910e-01
28                	2.8054278343e-01
29                	2.8334713383e-01
30                	2.8604523502e-01
31                	2.8861477816e-01
32                	2.9105022559e-01
33                	2.9335232675e-01
34                	2.9553229656e-01
35                	2.9760434017e-01
36                	2.9957831247e-01
37                	3.0145597882e-01
38                	3.0323660208e-01
39                	3.0491893686e-01
40                	3.0649984200e-01
41                	3.0797185936e-01
42                	3.0933905955e-01
43                	3.1059992842e-01
44                	3.1175280853e-01
45                	3.1279868865e-01
46                	3.1373206395e-01
47                	3.1455569541e-01
48                	3.1526796077e-01
49                	3.1586634675e-01
50                	3.1635244376e-01
51                	3.1672749077e-01
52                	3.1699671982e-01
53                	3.1716090679e-01
54                	3.1722573644e-01
55                	3.1719404034e-01
56                	3.1706901706e-01
57                	3.1685696447e-01
58                	3.1656389825e-01
59                	3.1619499861e-01
60                	3.1575503946e-01
61                	3.1525213904e-01
62                	3.1469031807e-01
63                	3.1407483981e-01
64                	3.1341213818e-01
65                	3.1270819762e-01
66                	3.1196978367e-01
67                	3.1120292520e-01
68                	3.1041186906e-01
69                	3.0959970874e-01
70                	3.0877018198e-01
71                	3.0793245615e-01
72                	3.0709245167e-01
73                	3.0625654182e-01
74                	3.0543040809e-01
75                	3.0461734809e-01
76                	3.0382081064e-01
77                	3.0304379573e-01
78                	3.0228817904e-01
79                	3.0155589294e-01
80                	3.0084861865e-01
81                	3.0016708411e-01
82                	2.9951171018e-01
83                	2.9888292050e-01
84                	2.9828062743e-01
85                	2.9770462245e-01
86                	2.9715411525e-01
87                	2.9662837513e-01
88                	2.9612795965e-01
89                	2.9565098181e-01
90                	2.9519680268e-01
91                	2.9476531468e-01
92                	2.9435522367e-01
93                	2.9396533543e-01
94                	2.9359465856e-01
95                	2.9324170410e-01
96                	2.9290569340e-01
97                	2.9258518044e-01
98                	2.9227948434e-01
99                	2.9198746504e-01
100               	2.9170782881e-01
101               	2.9143956058e-01
102               	2.9118191443e-01
103               	2.9093381369e-01
104               	2.9069433891e-01
105               	2.9046265587e-01
106               	2.9023778438e-01
107               	2.9001889136e-01
108               	2.8980522609e-01
109               	2.8959585245e-01
110               	2.8939020701e-01
111               	2.8918783538e-01
112               	2.8898833061e-01
113               	2.8879139925e-01
114               	2.8859696796e-01
115               	2.8840430355e-01
116               	2.8821308388e-01
117               	2.8802280993e-01
118               	2.8783321052e-01
119               	2.8764441248e-01
120               	2.8745639165e-01
121               	2.8726922462e-01
122               	2.8708286985e-01
123               	2.8689698979e-01
124               	2.8671151486e-01
125               	2.8652694088e-01
126               	2.8634362154e-01
127               	2.8616201130e-01
128               	2.8598199788e-01
129               	2.8580339063e-01
130               	2.8562600751e-01
131               	2.8545027057e-01
132               	2.8527667229e-01
133               	2.8510565263e-01
134               	2.8493731632e-01
135               	2.8477144404e-01
136               	2.8460834997e-01
137               	2.8444859674e-01
138               	2.8429290204e-01
139               	2.8414156929e-01
140               	2.8399441299e-01
141               	2.8385160239e-01
142               	2.8371378118e-01
143               	2.8358189254e-01
144               	2.8345685629e-01
145               	2.8333856311e-01
146               	2.8323154468e-01
147               	2.8313698863e-01
148               	2.8305647832e-01
149               	2.8299132831e-01
150               	2.8294145409e-01
151               	2.8290584265e-01
152               	2.8288299878e-01
153               	2.8287121248e-01
154               	2.8286848089e-01
155               	2.8287288659e-01
156               	2.8288285873e-01
157               	2.8289721230e-01
158               	2.8291480960e-01
159               	2.8293477808e-01
160               	2.8295652070e-01
161               	2.8297972687e-01
162               	2.8300417084e-01
163               	2.8302975509e-01
164               	2.8305642462e-01
165               	2.8308420737e-01
166               	2.8311305224e-01
167               	2.8314295482e-01
168               	2.8317398964e-01
169               	2.8320626682e-01
170               	2.8323979497e-01
171               	2.8327451815e-01
172               	2.8331046707e-01
173               	2.8334775330e-01
174               	2.8338643526e-01
175               	2.8342636296e-01
176               	2.8346767274e-01
177               	2.8351047445e-01
178               	2.8355476164e-01
179               	2.8360055194e-01
180               	2.8364791810e-01
181               	2.8369685524e-01
182               	2.8374743722e-01
183               	2.8379955437e-01
184               	2.8385312019e-01
185               	2.8390812651e-01
186               	2.8396455114e-01
187               	2.8402220875e-01
188               	2.8408108658e-01
189               	2.8414118436e-01
190               	2.8420259161e-01
191               	2.8426536410e-01
192               	2.8432945678e-01
193               	2.8439479622e-01
194               	2.8446127540e-01
195               	2.8452878348e-01
196               	2.8459725015e-01
197               	2.8466656682e-01
198               	2.8473667983e-01
199               	2.8480753536e-01
200               	2.8487899361e-01
201               	2.8495099670e-01
202               	2.8502357619e-01
203               	2.8509665277e-01
204               	2.8516998692e-01
205               	2.8524355909e-01
206               	2.8531723074e-01
207               	2.8539092066e-01
208               	2.8546472935e-01
209               	2.8553857704e-01
210               	2.8561239093e-01
211               	2.8568622705e-01
212               	2.8576004734e-01
213               	2.8583382367e-01
214               	2.8590744795e-01
215               	2.8598090972e-01
216               	2.8605413841e-01
217               	2.8612706575e-01
218               	2.8619958653e-01
219               	2.8627146092e-01
220               	2.8634259882e-01
221               	2.8641300663e-01
222               	2.8648272767e-01
223               	2.8655163126e-01
224               	2.8661967212e-01
225               	2.8668659667e-01
226               	2.8675233152e-01
227               	2.8681678036e-01
228               	2.8687994706e-01
229               	2.8694174512e-01
230               	2.8700214961e-01
231               	2.8706110520e-01
232               	2.8711858197e-01
233               	2.8717453051e-01
234               	2.8722886573e-01
235               	2.8728141516e-01
236               	2.8733211631e-01
237               	2.8738094605e-01
238               	2.8742791286e-01
239               	2.8747300563e-01
240               	2.8751623289e-01
241               	2.8755758332e-01
242               	2.8759707394e-01
243               	2.8763459034e-01
244               	2.8767015169e-01
245               	2.8770375522e-01
246               	2.8773539552e-01
247               	2.8776500431e-01
248               	2.8779266324e-01
249               	2.8781839040e-01
250               	2.8784217831e-01
251               	2.8786401508e-01
252               	2.8788388013e-01
253               	2.8790180369e-01
254               	2.8791791721e-01
255               	2.8793221512e-01
256               	2.8794483474e-01
257               	2.8795563750e-01
258               	2.8796466037e-01
259               	2.8797205669e-01
260               	2.8797774123e-01
261               	2.8798170963e-01
262               	2.8798388377e-01
263               	2.8798450492e-01
264               	2.8798363069e-01
265               	2.8798116051e-01
266               	2.8797725975e-01
267               	2.8797205257e-01
268               	2.8796554844e-01
269               	2.8795768080e-01
270               	2.8794827642e-01
271               	2.8793783094e-01
272               	2.8792596190e-01
273               	2.8791311918e-01
274               	2.8789887291e-01
275               	2.8788339512e-01
276               	2.8786645229e-01
277               	2.8784851429e-01
278               	2.8782915118e-01
279               	2.8780881559e-01
280               	2.8778715507e-01
281               	2.8776406899e-01
282               	2.8773982328e-01
283               	2.8771438446e-01
284               	2.8768772093e-01
285               	2.8765978664e-01
286               	2.8763066548e-01
287               	2.8760014481e-01
288               	2.8756839956e-01
289               	2.8753548965e-01
290               	2.8750138508e-01
291               	2.8746601493e-01
292               	2.8742934654e-01
293               	2.8739133646e-01
294               	2.8735195144e-01
295               	2.8731102327e-01
296               	2.8726879252e-01
297               	2.8722530001e-01
298               	2.8718052800e-01
299               	2.8713443506e-01
300               	2.8708697274e-01
301               	2.8703805464e-01
302               	2.8698776088e-01
303               	2.8693613834e-01
304               	2.8688284088e-01
305               	2.8682817223e-01
306               	2.8677211796e-01
307               	2.8671457108e-01
308               	2.8665551283e-01
309               	2.8659493986e-01
310               	2.8653276717e-01
311               	2.8646906698e-01
312               	2.8640382527e-01
313               	2.8633702432e-01
314               	2.8626870176e-01
315               	2.8619879514e-01
316               	2.8612729993e-01
317               	2.8605415549e-01
318               	2.8597945788e-01
319               	2.8590328253e-01
320               	2.8582564014e-01
321               	2.8574649451e-01
322               	2.8566583886e-01
323               	2.8558369732e-01
324               	2.8550000118e-01
325               	2.8541469164e-01
326               	2.8532780242e-01
327               	2.8523937822e-01
328               	2.8514941034e-01
329               	2.8505789491e-01
330               	2.8496489205e-01
331               	2.8487050477e-01
332               	2.8477451076e-01
333               	2.8467719318e-01
334               	2.8457832374e-01
335               	2.8447825422e-01
336               	2.8437671843e-01
337               	2.8427409599e-01
338               	2.8417013672e-01
339               	2.8406528800e-01
340               	2.8395919087e-01
341               	2.8385206772e-01
342               	2.8374373823e-01
343               	2.8363449555e-01
344               	2.8352429259e-01
345               	2.8341317379e-01
346               	2.8330119529e-01
347               	2.8318836792e-01
348               	2.8307468809e-01
349               	2.8296011070e-01
350               	2.8284467294e-01
351               	2.8272844783e-01
352               	2.8261143777e-01
353               	2.8249368047e-01
354               	2.8237521452e-01
355               	2.8225608879e-01
356               	2.8213640520e-01
357               	2.8201609254e-01
358               	2.8189517056e-01
359               	2.8177370011e-01
360               	2.8165171137e-01
361               	2.8152923662e-01
362               	2.8140628200e-01
