#                 x                   T
  7.13829399427e-20              308.15
             0.0018       308.139060581
             0.0036       308.120964893
             0.0054       308.101950327
             0.0072       308.083262395
              0.009        308.06551068
             0.0108       308.049471964
             0.0126       308.035787605
             0.0144       308.025136512
             0.0162       308.018118815
              0.018         308.0153573
             0.0198       308.017664812
             0.0216       308.024943663
             0.0234       308.036646275
             0.0252       308.052670003
              0.027       308.073079929
             0.0288       308.098094774
             0.0306       308.127681198
             0.0324        308.16205037
             0.0342       308.201340523
              0.036       308.245580325
             0.0378       308.294960384
             0.0396       308.349296319
             0.0414       308.408599068
             0.0432       308.472788232
              0.045       308.541718072
             0.0468       308.615466579
             0.0486       308.693821396
             0.0504       308.776804323
             0.0522       308.864402308
              0.054       308.956563335
             0.0558       309.053461051
             0.0576       309.154998176
             0.0594       309.261322922
             0.0612        309.37254939
              0.063       309.488726218
             0.0648       309.610127631
             0.0666       309.736702054
             0.0684       309.868648184
             0.0702       310.006105498
              0.072       310.149119576
             0.0738       310.297965947
             0.0756       310.452542061
             0.0774       310.613021687
             0.0792        310.77952115
              0.081       310.952065432
             0.0828       311.130925389
             0.0846       311.315957797
             0.0864       311.507323763
             0.0882       311.705135676
               0.09         311.9094429
             0.0918       312.120604737
             0.0936       312.338520517
             0.0954       312.563365649
             0.0972       312.795216756
              0.099       313.034066914
             0.1008       313.280266204
             0.1026       313.533728525
             0.1044       313.794698005
             0.1062       314.063292817
              0.108       314.339488845
             0.1098       314.623593457
             0.1116        314.91540491
             0.1134       315.215052782
             0.1152       315.522521167
              0.117       315.837653931
             0.1188       316.160617091
             0.1206       316.491122345
             0.1224        316.82921096
             0.1242       317.174768725
              0.126       317.527555829
             0.1278       317.887650386
             0.1296       318.254670067
             0.1314       318.628546102
             0.1332         319.0090825
              0.135       319.395974599
             0.1368       319.789198171
             0.1386       320.188340071
             0.1404       320.593270573
             0.1422       321.003770593
              0.144       321.419525762
             0.1458       321.840419853
             0.1476       322.266019822
             0.1494       322.696120436
             0.1512       323.130437377
              0.153       323.568632821
             0.1548       324.010544323
             0.1566       324.455788426
             0.1584       324.904152415
             0.1602       325.355372659
              0.162       325.809157753
             0.1638       326.265336241
             0.1656       326.723600295
             0.1674       327.183756948
             0.1692       327.645585834
              0.171        328.10885815
             0.1728       328.573416061
             0.1746       329.039033395
             0.1764       329.505545217
             0.1782       329.972742028
               0.18       330.373252402
